"_time",bytes,"bytes_in","bytes_out","dest_ip","dest_port",packets,"packets_in","packets_out","src_ip"
"1495511217.000",7501,2353,5148,"10.11.168.10",445,26,11,15,"10.84.42.134"
"1495510317.000",7565,2417,5148,"10.11.168.10",445,27,12,15,"10.84.42.134"
"1495511702.000",16180,9041,7139,"10.11.168.10",445,74,30,44,"10.84.42.134"
"1495511158.000",14888,5015,9873,"10.11.168.10",445,54,24,30,"10.84.42.134"
"1495502216.000",7501,2353,5148,"10.11.168.10",445,26,11,15,"10.84.42.134"
"1495501803.000",13362,5375,7987,"10.11.168.10",445,89,33,56,"10.84.42.134"
"1495510802.000",15827,8899,6928,"10.11.168.10",445,71,29,42,"10.84.42.134"
"1495506716.000",7501,2353,5148,"10.11.168.10",445,26,11,15,"10.84.42.134"
"1495415812.000",7501,2353,5148,"10.11.168.9",445,26,11,15,"10.84.42.134"
"1495414912.000",7501,2353,5148,"10.11.168.9",445,26,11,15,"10.84.42.134"
"1495508439.000",6533,1823,4710,"10.11.168.10",445,23,9,14,"10.84.42.134"
"1495509417.000",7501,2353,5148,"10.11.168.10",445,26,11,15,"10.84.42.134"
"1495504839.000",6533,1823,4710,"10.11.168.10",445,23,9,14,"10.84.42.134"
"1495507617.000",7501,2353,5148,"10.11.168.10",445,26,11,15,"10.84.42.134"
"1495508517.000",7501,2353,5148,"10.11.168.10",445,26,11,15,"10.84.42.134"
"1495501661.000",18583,8977,9606,"10.11.168.180",445,97,52,45,"10.84.42.134"
"1495501656.000",6961,2425,4536,"10.11.168.10",445,30,19,11,"10.84.42.134"
"1495500416.000",7501,2353,5148,"10.11.168.10",445,26,11,15,"10.84.42.134"
"1495509003.000",13362,5375,7987,"10.11.168.10",445,89,33,56,"10.84.42.134"
"1495509002.000",16889,9325,7564,"10.11.168.10",445,80,32,48,"10.84.42.134"
"1495507539.000",6533,1823,4710,"10.11.168.10",445,23,9,14,"10.84.42.134"
"1495505817.000",7565,2353,5212,"10.11.168.10",445,27,11,16,"10.84.42.134"
"1495506639.000",6533,1823,4710,"10.11.168.10",445,23,9,14,"10.84.42.134"
"1495505793.000",3632,1837,1795,"10.11.168.180",445,22,9,13,"10.84.42.134"
"1495505739.000",6533,1823,4710,"10.11.168.10",445,23,9,14,"10.84.42.134"
"1495492593.000",6546,1881,4665,"10.11.168.9",445,24,10,14,"10.84.42.134"
"1495492583.000",7440,2347,5093,"10.11.168.10",445,26,11,15,"10.84.42.134"
"1495492202.000",20462,10806,9656,"10.11.168.10",445,89,36,53,"10.84.42.134"
"1495491418.000",352,212,140,"10.83.22.26",445,6,3,3,"10.84.42.134"
"1495491418.000",2000,1154,846,"10.83.22.26",445,15,6,9,"10.84.42.134"
"1495491416.000",7501,2353,5148,"10.11.168.9",445,26,11,15,"10.84.42.134"
"1495489863.000",492,0,492,"136.98.149.1",445,7,0,7,"10.84.42.134"
"1495489863.000",492,0,492,"136.98.100.1",445,7,0,7,"10.84.42.134"
"1495489863.000",492,0,492,"136.98.149.1",445,7,0,7,"10.84.42.134"
"1495489863.000",492,0,492,"10.125.242.1",445,7,0,7,"10.84.42.134"
"1495489863.000",492,0,492,"136.98.100.1",445,7,0,7,"10.84.42.134"
"1495489863.000",492,0,492,"10.125.242.1",445,7,0,7,"10.84.42.134"
"1495489862.000",17154,7580,9574,"10.11.168.180",445,82,38,44,"10.84.42.134"
"1495489861.000",492,0,492,"10.125.242.1",445,7,0,7,"10.84.42.134"
"1495489861.000",492,0,492,"136.98.149.1",445,7,0,7,"10.84.42.134"
"1495489861.000",492,0,492,"136.98.100.1",445,7,0,7,"10.84.42.134"
"1495489790.000",492,0,492,"10.125.242.1",445,7,0,7,"10.84.42.134"
"1495489790.000",492,0,492,"136.98.100.1",445,7,0,7,"10.84.42.134"
"1495489790.000",492,0,492,"136.98.149.1",445,7,0,7,"10.84.42.134"
"1495489780.000",492,0,492,"136.98.149.1",445,7,0,7,"10.84.42.134"
"1495489780.000",492,0,492,"136.98.100.1",445,7,0,7,"10.84.42.134"
"1495489726.000",492,0,492,"136.98.100.1",445,7,0,7,"10.84.42.134"
"1495489726.000",492,0,492,"10.125.242.1",445,7,0,7,"10.84.42.134"
"1495489726.000",492,0,492,"136.98.149.1",445,7,0,7,"10.84.42.134"
"1495489715.000",147252,78126,69126,"10.11.168.10",445,541,265,276,"10.84.42.134"
"1495501590.000",22140,9640,12500,"10.11.168.180",445,103,47,56,"10.84.42.134"
"1495499660.000",492,0,492,"136.98.149.1",445,7,0,7,"10.84.42.134"
"1495499660.000",492,0,492,"10.125.242.1",445,7,0,7,"10.84.42.134"
"1495499660.000",492,0,492,"136.98.100.1",445,7,0,7,"10.84.42.134"
"1495499625.000",492,0,492,"10.125.242.1",445,7,0,7,"10.84.42.134"
"1495499625.000",492,0,492,"136.98.149.1",445,7,0,7,"10.84.42.134"
"1495499625.000",492,0,492,"136.98.100.1",445,7,0,7,"10.84.42.134"
"1495499610.000",492,0,492,"136.98.149.1",445,7,0,7,"10.84.42.134"
"1495499610.000",492,0,492,"10.125.242.1",445,7,0,7,"10.84.42.134"
"1495499610.000",492,0,492,"136.98.100.1",445,7,0,7,"10.84.42.134"
"1495504917.000",20016,6076,13940,"10.11.168.10",445,69,29,40,"10.84.42.134"
"1495504029.000",17083,7793,9290,"10.11.168.180",445,78,37,41,"10.84.42.134"
"1495504016.000",7501,2353,5148,"10.11.168.10",445,26,11,15,"10.84.42.134"
"1495503039.000",6533,1823,4710,"10.11.168.10",445,23,9,14,"10.84.42.134"
"1495502193.000",3632,1837,1795,"10.11.168.180",445,22,9,13,"10.84.42.134"
"1495501975.000",126,64,62,"10.185.233.66",445,2,1,1,"10.84.42.134"
"1495501974.000",124,60,64,"10.185.233.66",445,2,1,1,"10.84.42.134"
"1495501972.000",116,54,62,"10.185.233.66",445,2,1,1,"10.84.42.134"
"1495501953.000",126,64,62,"10.185.233.66",445,2,1,1,"10.84.42.134"
"1495501953.000",124,60,64,"10.185.233.66",445,2,1,1,"10.84.42.134"
"1495501951.000",116,54,62,"10.185.233.66",445,2,1,1,"10.84.42.134"
"1495501333.000",22776,12661,10115,"10.83.42.21",445,107,55,52,"10.84.42.134"
"1495501328.000",20586,9583,11003,"10.11.168.180",445,99,53,46,"10.84.42.134"
"1495501321.000",388612,209616,178996,"10.188.60.18",445,1295,568,727,"10.84.42.134"
"1495500188.000",12270,4756,7514,"10.11.168.180",445,49,23,26,"10.84.42.134"
"1495499712.000",492,0,492,"10.125.242.1",445,7,0,7,"10.84.42.134"
"1495499712.000",492,0,492,"136.98.149.1",445,7,0,7,"10.84.42.134"
"1495499712.000",492,0,492,"136.98.100.1",445,7,0,7,"10.84.42.134"
"1495499695.000",492,0,492,"10.125.242.1",445,7,0,7,"10.84.42.134"
"1495499695.000",492,0,492,"136.98.149.1",445,7,0,7,"10.84.42.134"
"1495499695.000",492,0,492,"136.98.100.1",445,7,0,7,"10.84.42.134"
"1495498906.000",492,0,492,"136.98.149.1",445,7,0,7,"10.84.42.134"
"1495498906.000",492,0,492,"136.98.100.1",445,7,0,7,"10.84.42.134"
"1495498906.000",492,0,492,"10.125.242.1",445,7,0,7,"10.84.42.134"
"1495498897.000",492,0,492,"10.125.242.1",445,7,0,7,"10.84.42.134"
"1495498897.000",492,0,492,"136.98.149.1",445,7,0,7,"10.84.42.134"
"1495498897.000",492,0,492,"136.98.100.1",445,7,0,7,"10.84.42.134"
"1495498884.000",7440,2347,5093,"10.11.168.10",445,26,11,15,"10.84.42.134"
"1495498873.000",492,0,492,"136.98.149.1",445,7,0,7,"10.84.42.134"
"1495498873.000",492,0,492,"10.125.242.1",445,7,0,7,"10.84.42.134"
"1495498873.000",492,0,492,"136.98.100.1",445,7,0,7,"10.84.42.134"
"1495498861.000",492,0,492,"10.125.242.1",445,7,0,7,"10.84.42.134"
"1495498861.000",492,0,492,"136.98.100.1",445,7,0,7,"10.84.42.134"
"1495498861.000",492,0,492,"136.98.149.1",445,7,0,7,"10.84.42.134"
"1495498616.000",7501,2353,5148,"10.11.168.10",445,26,11,15,"10.84.42.134"
"1495498613.000",492,0,492,"10.125.242.1",445,7,0,7,"10.84.42.134"
"1495498613.000",492,0,492,"136.98.100.1",445,7,0,7,"10.84.42.134"
"1495498613.000",492,0,492,"136.98.149.1",445,7,0,7,"10.84.42.134"
"1495498610.000",7485,2347,5138,"10.11.168.10",445,26,11,15,"10.84.42.134"
"1495492616.000",6531,1822,4709,"10.11.168.9",445,23,9,14,"10.84.42.134"
"1495492612.000",6505,1881,4624,"10.11.168.9",445,24,10,14,"10.84.42.134"
"1495491716.000",6531,1822,4709,"10.11.168.9",445,23,9,14,"10.84.42.134"
"1495491192.000",492,0,492,"10.125.242.1",445,7,0,7,"10.84.42.134"
"1495491192.000",492,0,492,"136.98.100.1",445,7,0,7,"10.84.42.134"
"1495491192.000",492,0,492,"136.98.149.1",445,7,0,7,"10.84.42.134"
"1495490499.000",6505,1881,4624,"10.11.168.9",445,24,10,14,"10.84.42.134"
"1495490486.000",7505,2347,5158,"10.11.168.10",445,26,11,15,"10.84.42.134"
"1495490484.000",90501320,43924807,46576513,"10.11.168.3",445,400894,200296,200598,"10.84.42.134"
"1495490050.000",7485,2347,5138,"10.11.168.10",445,26,11,15,"10.84.42.134"
"1495490049.000",492,0,492,"136.98.149.1",445,7,0,7,"10.84.42.134"
"1495490049.000",492,0,492,"10.125.242.1",445,7,0,7,"10.84.42.134"
"1495490049.000",492,0,492,"136.98.100.1",445,7,0,7,"10.84.42.134"
"1495490040.000",492,0,492,"136.98.100.1",445,7,0,7,"10.84.42.134"
"1495490040.000",492,0,492,"136.98.149.1",445,7,0,7,"10.84.42.134"
"1495490040.000",492,0,492,"10.125.242.1",445,7,0,7,"10.84.42.134"
"1495489916.000",6531,1822,4709,"10.11.168.9",445,23,9,14,"10.84.42.134"
"1495489914.000",13305,5908,7397,"10.11.168.180",445,62,29,33,"10.84.42.134"
"1495489483.000",492,0,492,"136.98.100.1",445,7,0,7,"10.84.42.134"
"1495489483.000",492,0,492,"10.125.242.1",445,7,0,7,"10.84.42.134"
"1495489471.000",282,142,140,"10.83.22.26",445,5,2,3,"10.84.42.134"
"1495489471.000",2000,1154,846,"10.83.22.26",445,15,6,9,"10.84.42.134"
"1495489471.000",282,142,140,"10.83.22.26",445,5,2,3,"10.84.42.134"
"1495489471.000",352,212,140,"10.83.22.26",445,6,3,3,"10.84.42.134"
"1495487786.000",7505,2347,5158,"10.11.168.10",445,26,11,15,"10.84.42.134"
"1495487784.000",10060,4506,5554,"10.11.168.180",445,48,22,26,"10.84.42.134"
"1495487389.000",7465,2347,5118,"10.11.168.10",445,26,11,15,"10.84.42.134"
"1495487256.000",7572,2405,5167,"10.11.168.10",445,28,12,16,"10.84.42.134"
"1495487244.000",10060,4506,5554,"10.11.168.180",445,48,22,26,"10.84.42.134"
"1495487094.000",10060,4506,5554,"10.11.168.180",445,48,22,26,"10.84.42.134"
"1495487004.000",10060,4506,5554,"10.11.168.180",445,48,22,26,"10.84.42.134"
"1495487003.000",10616,4912,5704,"10.11.168.180",445,50,23,27,"10.84.42.134"
"1495487000.000",6505,1881,4624,"10.11.168.10",445,24,10,14,"10.84.42.134"
"1495487000.000",17299,7715,9584,"10.11.168.180",445,83,39,44,"10.84.42.134"
"1495486948.000",492,0,492,"10.125.242.1",445,7,0,7,"10.84.42.134"
"1495486948.000",492,0,492,"136.98.100.1",445,7,0,7,"10.84.42.134"
"1495486948.000",492,0,492,"136.98.149.1",445,7,0,7,"10.84.42.134"
"1495486945.000",492,0,492,"136.98.149.1",445,7,0,7,"10.84.42.134"
"1495486945.000",492,0,492,"10.125.242.1",445,7,0,7,"10.84.42.134"
"1495486945.000",492,0,492,"136.98.100.1",445,7,0,7,"10.84.42.134"
"1495486182.000",7438,2346,5092,"10.11.168.9",445,26,11,15,"10.84.42.134"
"1495485729.000",422,212,210,"10.83.68.49",445,7,3,4,"10.84.42.134"
"1495485728.000",422,212,210,"10.83.68.49",445,7,3,4,"10.84.42.134"
"1495485728.000",2070,1154,916,"10.83.68.49",445,16,6,10,"10.84.42.134"
"1495485727.000",422,212,210,"10.83.68.49",445,7,3,4,"10.84.42.134"
"1495485727.000",422,212,210,"10.83.68.49",445,7,3,4,"10.84.42.134"
"1495485725.000",82,0,82,"186.214.252.94",445,1,0,1,"10.84.42.134"
"1495485724.000",82,0,82,"10.157.36.22",445,2,0,2,"10.84.42.134"
"1495485724.000",82,0,82,"136.98.181.1",445,2,0,2,"10.84.42.134"
"1495485724.000",82,0,82,"136.98.182.1",445,2,0,2,"10.84.42.134"
"1495485723.000",82,0,82,"10.157.36.22",445,2,0,2,"10.84.42.134"
"1495485723.000",82,0,82,"136.98.182.1",445,2,0,2,"10.84.42.134"
"1495485723.000",82,0,82,"186.214.252.94",445,1,0,1,"10.84.42.134"
"1495485723.000",82,0,82,"136.98.181.1",445,2,0,2,"10.84.42.134"
"1495485719.000",82,0,82,"186.214.252.94",445,1,0,1,"10.84.42.134"
"1495485719.000",82,0,82,"136.98.181.1",445,2,0,2,"10.84.42.134"
"1495485719.000",82,0,82,"10.157.36.22",445,2,0,2,"10.84.42.134"
"1495485719.000",82,0,82,"10.157.36.22",445,2,0,2,"10.84.42.134"
"1495485717.000",82,0,82,"10.84.90.244",445,2,0,2,"10.84.42.134"
"1495485705.000",492,0,492,"10.125.242.1",445,7,0,7,"10.84.42.134"
"1495485705.000",492,0,492,"136.98.100.1",445,7,0,7,"10.84.42.134"
"1495485705.000",492,0,492,"136.98.149.1",445,7,0,7,"10.84.42.134"
"1495485705.000",492,0,492,"136.98.100.1",445,7,0,7,"10.84.42.134"
"1495485705.000",492,0,492,"136.98.149.1",445,7,0,7,"10.84.42.134"
"1495485539.000",492,0,492,"10.125.242.1",445,7,0,7,"10.84.42.134"
"1495485539.000",492,0,492,"136.98.149.1",445,7,0,7,"10.84.42.134"
"1495485539.000",492,0,492,"136.98.100.1",445,7,0,7,"10.84.42.134"
"1495485435.000",492,0,492,"10.125.242.1",445,7,0,7,"10.84.42.134"
"1495485435.000",492,0,492,"136.98.149.1",445,7,0,7,"10.84.42.134"
"1495485432.000",492,0,492,"136.98.100.1",445,7,0,7,"10.84.42.134"
"1495485432.000",492,0,492,"136.98.149.1",445,7,0,7,"10.84.42.134"
"1495485432.000",492,0,492,"10.125.242.1",445,7,0,7,"10.84.42.134"
"1495485430.000",8145,2701,5444,"10.11.168.10",445,30,12,18,"10.84.42.134"
"1495485417.000",6531,1822,4709,"10.11.168.9",445,23,9,14,"10.84.42.134"
"1495485115.000",8073,2679,5394,"10.11.168.9",445,29,12,17,"10.84.42.134"
"1495485110.000",20492,9195,11297,"10.11.168.180",445,93,44,49,"10.84.42.134"
"1495485089.000",492,0,492,"136.98.149.1",445,7,0,7,"10.84.42.134"
"1495485089.000",492,0,492,"10.125.242.1",445,7,0,7,"10.84.42.134"
"1495485089.000",492,0,492,"136.98.100.1",445,7,0,7,"10.84.42.134"
"1495485085.000",7505,2347,5158,"10.11.168.10",445,26,11,15,"10.84.42.134"
"1495484999.000",492,0,492,"136.98.100.1",445,7,0,7,"10.84.42.134"
"1495484999.000",492,0,492,"136.98.149.1",445,7,0,7,"10.84.42.134"
"1495484804.000",492,0,492,"10.125.242.1",445,7,0,7,"10.84.42.134"
"1495484804.000",492,0,492,"136.98.100.1",445,7,0,7,"10.84.42.134"
"1495484804.000",492,0,492,"136.98.149.1",445,7,0,7,"10.84.42.134"
"1495484799.000",492,0,492,"136.98.100.1",445,7,0,7,"10.84.42.134"
"1495484799.000",492,0,492,"10.125.242.1",445,7,0,7,"10.84.42.134"
"1495484799.000",492,0,492,"136.98.149.1",445,7,0,7,"10.84.42.134"
"1495484599.000",492,0,492,"10.125.242.1",445,7,0,7,"10.84.42.134"
"1495484599.000",492,0,492,"136.98.149.1",445,7,0,7,"10.84.42.134"
"1495484599.000",492,0,492,"136.98.100.1",445,7,0,7,"10.84.42.134"
"1495484598.000",10255,4641,5614,"10.11.168.180",445,50,23,27,"10.84.42.134"
"1495484598.000",6573,1823,4750,"10.11.168.9",445,23,9,14,"10.84.42.134"
"1495483822.000",492,0,492,"136.98.100.1",445,7,0,7,"10.84.42.134"
"1495483822.000",492,0,492,"136.98.149.1",445,7,0,7,"10.84.42.134"
"1495483822.000",492,0,492,"10.125.242.1",445,7,0,7,"10.84.42.134"
"1495483818.000",10388,4704,5684,"10.11.168.180",445,52,24,28,"10.84.42.134"
"1495483469.000",492,0,492,"10.125.242.1",445,7,0,7,"10.84.42.134"
"1495483469.000",492,0,492,"10.125.242.1",445,7,0,7,"10.84.42.134"
"1495483469.000",492,0,492,"136.98.149.1",445,7,0,7,"10.84.42.134"
"1495483469.000",492,0,492,"136.98.100.1",445,7,0,7,"10.84.42.134"
"1495483469.000",492,0,492,"136.98.100.1",445,7,0,7,"10.84.42.134"
"1495483469.000",492,0,492,"136.98.149.1",445,7,0,7,"10.84.42.134"
"1495483469.000",492,0,492,"136.98.100.1",445,7,0,7,"10.84.42.134"
"1495483469.000",492,0,492,"10.125.242.1",445,7,0,7,"10.84.42.134"
"1495483469.000",492,0,492,"136.98.149.1",445,7,0,7,"10.84.42.134"
"1495483466.000",9557,2770,6787,"10.11.168.9",445,31,13,18,"10.84.42.134"
"1495483424.000",492,0,492,"136.98.100.1",445,7,0,7,"10.84.42.134"
"1495483424.000",492,0,492,"136.98.149.1",445,7,0,7,"10.84.42.134"
"1495483423.000",492,0,492,"136.98.149.1",445,7,0,7,"10.84.42.134"
"1495483423.000",492,0,492,"10.125.242.1",445,7,0,7,"10.84.42.134"
"1495483423.000",492,0,492,"136.98.100.1",445,7,0,7,"10.84.42.134"
"1495483413.000",492,0,492,"10.125.242.1",445,7,0,7,"10.84.42.134"
"1495483413.000",492,0,492,"136.98.149.1",445,7,0,7,"10.84.42.134"
"1495483413.000",492,0,492,"136.98.100.1",445,7,0,7,"10.84.42.134"
"1495483315.000",492,0,492,"136.98.149.1",445,7,0,7,"10.84.42.134"
"1495483315.000",492,0,492,"136.98.100.1",445,7,0,7,"10.84.42.134"
"1495483315.000",492,0,492,"10.125.242.1",445,7,0,7,"10.84.42.134"
"1495483308.000",10060,4506,5554,"10.11.168.180",445,48,22,26,"10.84.42.134"
"1495483298.000",7442,2346,5096,"10.11.168.9",445,26,11,15,"10.84.42.134"
"1495483158.000",10060,4506,5554,"10.11.168.180",445,48,22,26,"10.84.42.134"
"1495482978.000",10118,4564,5554,"10.11.168.180",445,49,23,26,"10.84.42.134"
"1495482858.000",13916,6101,7815,"10.11.168.180",445,72,31,41,"10.84.42.134"
"1495482852.000",574,0,574,"136.98.100.1",445,8,0,8,"10.84.42.134"
"1495482852.000",574,0,574,"136.98.149.1",445,8,0,8,"10.84.42.134"
"1495482843.000",8010,2672,5338,"10.11.168.10",445,29,12,17,"10.84.42.134"
"1495482841.000",492,0,492,"136.98.149.1",445,7,0,7,"10.84.42.134"
"1495482841.000",492,0,492,"10.125.242.1",445,7,0,7,"10.84.42.134"
"1495482841.000",492,0,492,"136.98.100.1",445,7,0,7,"10.84.42.134"
"1495482618.000",10118,4564,5554,"10.11.168.180",445,49,23,26,"10.84.42.134"
"1495482558.000",10060,4506,5554,"10.11.168.180",445,48,22,26,"10.84.42.134"
"1495503939.000",6473,1823,4650,"10.11.168.10",445,22,9,13,"10.84.42.134"
"1495503116.000",7565,2417,5148,"10.11.168.10",445,27,12,15,"10.84.42.134"
"1495491936.000",217034,113314,103720,"10.11.168.10",445,794,390,404,"10.84.42.134"
"1495491431.000",2134,1218,916,"10.83.22.26",445,17,7,10,"10.84.42.134"
"1495491431.000",282,142,140,"10.83.22.26",445,5,2,3,"10.84.42.134"
"1495490816.000",6531,1822,4709,"10.11.168.9",445,23,9,14,"10.84.42.134"
"1495490702.000",41797,27108,14689,"10.11.168.10",445,167,67,100,"10.84.42.134"
"1495490697.000",16773,7445,9328,"10.11.168.180",445,78,37,41,"10.84.42.134"
"1495490176.000",492,0,492,"136.98.100.1",445,7,0,7,"10.84.42.134"
"1495490176.000",492,0,492,"136.98.149.1",445,7,0,7,"10.84.42.134"
"1495489999.000",492,0,492,"10.125.242.1",445,7,0,7,"10.84.42.134"
"1495489999.000",492,0,492,"136.98.149.1",445,7,0,7,"10.84.42.134"
"1495489999.000",492,0,492,"136.98.100.1",445,7,0,7,"10.84.42.134"
"1495489998.000",6573,1823,4750,"10.11.168.9",445,23,9,14,"10.84.42.134"
"1495489991.000",216771,113257,103514,"10.11.168.10",445,790,389,401,"10.84.42.134"
"1495489560.000",492,0,492,"136.98.100.1",445,7,0,7,"10.84.42.134"
"1495489560.000",492,0,492,"136.98.149.1",445,7,0,7,"10.84.42.134"
"1495489560.000",492,0,492,"10.125.242.1",445,7,0,7,"10.84.42.134"
"1495489559.000",2134,1218,916,"10.83.22.26",445,17,7,10,"10.84.42.134"
"1495489559.000",282,142,140,"10.83.22.26",445,5,2,3,"10.84.42.134"
"1495489557.000",492,0,492,"10.125.242.1",445,7,0,7,"10.84.42.134"
"1495489557.000",492,0,492,"136.98.149.1",445,7,0,7,"10.84.42.134"
"1495489557.000",2134,1218,916,"10.83.22.26",445,17,7,10,"10.84.42.134"
"1495489557.000",492,0,492,"136.98.100.1",445,7,0,7,"10.84.42.134"
"1495489555.000",352,212,140,"10.83.22.26",445,6,3,3,"10.84.42.134"
"1495489554.000",492,0,492,"136.98.100.1",445,7,0,7,"10.84.42.134"
"1495489554.000",492,0,492,"136.98.149.1",445,7,0,7,"10.84.42.134"
"1495489554.000",492,0,492,"10.125.242.1",445,7,0,7,"10.84.42.134"
"1495489549.000",492,0,492,"136.98.100.1",445,7,0,7,"10.84.42.134"
"1495489549.000",492,0,492,"136.98.149.1",445,7,0,7,"10.84.42.134"
"1495489549.000",492,0,492,"10.125.242.1",445,7,0,7,"10.84.42.134"
"1495489548.000",492,0,492,"10.125.242.1",445,7,0,7,"10.84.42.134"
"1495489548.000",492,0,492,"136.98.100.1",445,7,0,7,"10.84.42.134"
"1495489548.000",492,0,492,"136.98.149.1",445,7,0,7,"10.84.42.134"
"1495489509.000",492,0,492,"136.98.100.1",445,7,0,7,"10.84.42.134"
"1495489509.000",492,0,492,"10.125.242.1",445,7,0,7,"10.84.42.134"
"1495489509.000",492,0,492,"136.98.149.1",445,7,0,7,"10.84.42.134"
"1495489502.000",2000,1154,846,"10.83.22.26",445,15,6,9,"10.84.42.134"
"1495489501.000",282,142,140,"10.83.22.26",445,5,2,3,"10.84.42.134"
"1495489497.000",2000,1154,846,"10.83.22.26",445,15,6,9,"10.84.42.134"
"1495489496.000",352,212,140,"10.83.22.26",445,6,3,3,"10.84.42.134"
"1495489495.000",492,0,492,"136.98.100.1",445,7,0,7,"10.84.42.134"
"1495489495.000",492,0,492,"10.125.242.1",445,7,0,7,"10.84.42.134"
"1495489495.000",492,0,492,"136.98.149.1",445,7,0,7,"10.84.42.134"
"1495503303.000",17951,9751,8200,"10.11.168.10",445,89,35,54,"10.84.42.134"
"1495502139.000",6533,1823,4710,"10.11.168.10",445,23,9,14,"10.84.42.134"
"1495501994.000",124,60,64,"10.185.233.66",445,2,1,1,"10.84.42.134"
"1495501422.000",23866,6962,16904,"10.11.168.9",445,63,28,35,"10.84.42.134"
"1495501278.000",20461,9330,11131,"10.11.168.180",445,94,45,49,"10.84.42.134"
"1495500798.000",6573,1823,4750,"10.11.168.9",445,23,9,14,"10.84.42.134"
"1495500206.000",15047,5810,9237,"10.11.168.180",445,63,30,33,"10.84.42.134"
"1495499897.000",6573,1823,4750,"10.11.168.9",445,23,9,14,"10.84.42.134"
"1495501995.000",126,64,62,"10.185.233.66",445,2,1,1,"10.84.42.134"
"1495501993.000",116,54,62,"10.185.233.66",445,2,1,1,"10.84.42.134"
"1495502703.000",17243,9467,7776,"10.11.168.10",445,83,33,50,"10.84.42.134"
"1495501316.000",7501,2353,5148,"10.11.168.10",445,26,11,15,"10.84.42.134"
"1495500339.000",6533,1823,4710,"10.11.168.10",445,23,9,14,"10.84.42.134"
"1495500305.000",7440,2347,5093,"10.11.168.10",445,26,11,15,"10.84.42.134"
"1495499466.000",492,0,492,"10.125.242.1",445,7,0,7,"10.84.42.134"
"1495499466.000",492,0,492,"136.98.149.1",445,7,0,7,"10.84.42.134"
"1495499466.000",492,0,492,"136.98.100.1",445,7,0,7,"10.84.42.134"
"1495499441.000",16474,7310,9164,"10.11.168.180",445,76,36,40,"10.84.42.134"
"1495499438.000",6533,1823,4710,"10.11.168.10",445,23,9,14,"10.84.42.134"
"1495499420.000",492,0,492,"10.125.242.1",445,7,0,7,"10.84.42.134"
"1495499420.000",492,0,492,"136.98.100.1",445,7,0,7,"10.84.42.134"
"1495499420.000",492,0,492,"136.98.149.1",445,7,0,7,"10.84.42.134"
"1495501239.000",6533,1823,4710,"10.11.168.10",445,23,9,14,"10.84.42.134"
"1495499804.000",492,0,492,"136.98.100.1",445,7,0,7,"10.84.42.134"
"1495499804.000",492,0,492,"136.98.149.1",445,7,0,7,"10.84.42.134"
"1495499804.000",492,0,492,"10.125.242.1",445,7,0,7,"10.84.42.134"
"1495499784.000",7440,2347,5093,"10.11.168.10",445,26,11,15,"10.84.42.134"
"1495499560.000",492,0,492,"136.98.100.1",445,7,0,7,"10.84.42.134"
"1495499560.000",492,0,492,"10.125.242.1",445,7,0,7,"10.84.42.134"
"1495499560.000",492,0,492,"136.98.149.1",445,7,0,7,"10.84.42.134"
"1495499516.000",7501,2353,5148,"10.11.168.10",445,26,11,15,"10.84.42.134"
"1495499512.000",492,0,492,"136.98.100.1",445,7,0,7,"10.84.42.134"
"1495499512.000",492,0,492,"136.98.149.1",445,7,0,7,"10.84.42.134"
"1495499512.000",492,0,492,"10.125.242.1",445,7,0,7,"10.84.42.134"
"1495499510.000",7485,2347,5138,"10.11.168.10",445,26,11,15,"10.84.42.134"
"1495499376.000",492,0,492,"136.98.149.1",445,7,0,7,"10.84.42.134"
"1495499376.000",492,0,492,"10.125.242.1",445,7,0,7,"10.84.42.134"
"1495499376.000",492,0,492,"136.98.100.1",445,7,0,7,"10.84.42.134"
"1495499264.000",492,0,492,"136.98.100.1",445,7,0,7,"10.84.42.134"
"1495499264.000",492,0,492,"136.98.149.1",445,7,0,7,"10.84.42.134"
"1495498638.000",492,0,492,"10.125.242.1",445,7,0,7,"10.84.42.134"
"1495498638.000",492,0,492,"136.98.100.1",445,7,0,7,"10.84.42.134"
"1495498638.000",492,0,492,"136.98.149.1",445,7,0,7,"10.84.42.134"
"1495498594.000",492,0,492,"136.98.149.1",445,7,0,7,"10.84.42.134"
"1495498594.000",492,0,492,"136.98.100.1",445,7,0,7,"10.84.42.134"
"1495498594.000",492,0,492,"10.125.242.1",445,7,0,7,"10.84.42.134"
"1495498592.000",3632,1837,1795,"10.11.168.180",445,22,9,13,"10.84.42.134"
"1495498590.000",492,0,492,"10.125.242.1",445,7,0,7,"10.84.42.134"
"1495498590.000",492,0,492,"136.98.100.1",445,7,0,7,"10.84.42.134"
"1495498590.000",492,0,492,"136.98.149.1",445,7,0,7,"10.84.42.134"
"1495498579.000",492,0,492,"10.125.242.1",445,7,0,7,"10.84.42.134"
"1495498579.000",492,0,492,"136.98.149.1",445,7,0,7,"10.84.42.134"
"1495498579.000",492,0,492,"136.98.100.1",445,7,0,7,"10.84.42.134"
"1495498565.000",492,0,492,"136.98.149.1",445,7,0,7,"10.84.42.134"
"1495498565.000",492,0,492,"10.125.242.1",445,7,0,7,"10.84.42.134"
"1495498565.000",492,0,492,"136.98.100.1",445,7,0,7,"10.84.42.134"
"1495498549.000",82,0,82,"10.125.242.1",445,1,0,1,"10.84.42.134"
"1495498549.000",82,0,82,"136.98.100.1",445,1,0,1,"10.84.42.134"
"1495498549.000",82,0,82,"136.98.149.1",445,1,0,1,"10.84.42.134"
"1495498547.000",492,0,492,"10.125.242.1",445,7,0,7,"10.84.42.134"
"1495498547.000",492,0,492,"136.98.149.1",445,7,0,7,"10.84.42.134"
"1495498547.000",492,0,492,"136.98.100.1",445,7,0,7,"10.84.42.134"
"1495498251.000",492,0,492,"136.98.149.1",445,7,0,7,"10.84.42.134"
"1495498251.000",492,0,492,"136.98.100.1",445,7,0,7,"10.84.42.134"
"1495498170.000",8046,2731,5315,"10.11.168.10",445,30,13,17,"10.84.42.134"
"1495498039.000",492,0,492,"136.98.149.1",445,7,0,7,"10.84.42.134"
"1495498039.000",492,0,492,"136.98.100.1",445,7,0,7,"10.84.42.134"
"1495498039.000",492,0,492,"10.125.242.1",445,7,0,7,"10.84.42.134"
"1495498037.000",492,0,492,"10.125.242.1",445,7,0,7,"10.84.42.134"
"1495498037.000",492,0,492,"136.98.149.1",445,7,0,7,"10.84.42.134"
"1495498037.000",492,0,492,"136.98.100.1",445,7,0,7,"10.84.42.134"
"1495497992.000",492,0,492,"136.98.100.1",445,7,0,7,"10.84.42.134"
"1495497992.000",492,0,492,"136.98.149.1",445,7,0,7,"10.84.42.134"
"1495497984.000",7440,2347,5093,"10.11.168.10",445,26,11,15,"10.84.42.134"
"1495497870.000",492,0,492,"136.98.149.1",445,7,0,7,"10.84.42.134"
"1495497870.000",492,0,492,"136.98.100.1",445,7,0,7,"10.84.42.134"
"1495497870.000",492,0,492,"10.125.242.1",445,7,0,7,"10.84.42.134"
"1495497814.000",492,0,492,"10.125.242.1",445,7,0,7,"10.84.42.134"
"1495497814.000",492,0,492,"136.98.100.1",445,7,0,7,"10.84.42.134"
"1495497814.000",492,0,492,"136.98.149.1",445,7,0,7,"10.84.42.134"
"1495497813.000",492,0,492,"136.98.100.1",445,7,0,7,"10.84.42.134"
"1495497813.000",492,0,492,"136.98.149.1",445,7,0,7,"10.84.42.134"
"1495497813.000",492,0,492,"10.125.242.1",445,7,0,7,"10.84.42.134"
"1495497812.000",7502,2405,5097,"10.11.168.9",445,27,12,15,"10.84.42.134"
"1495497374.000",492,0,492,"136.98.149.1",445,7,0,7,"10.84.42.134"
"1495497374.000",492,0,492,"10.125.242.1",445,7,0,7,"10.84.42.134"
"1495497374.000",492,0,492,"136.98.100.1",445,7,0,7,"10.84.42.134"
"1495497373.000",492,0,492,"136.98.100.1",445,7,0,7,"10.84.42.134"
"1495497373.000",492,0,492,"136.98.149.1",445,7,0,7,"10.84.42.134"
"1495497373.000",492,0,492,"10.125.242.1",445,7,0,7,"10.84.42.134"
"1495497329.000",492,0,492,"10.125.242.1",445,7,0,7,"10.84.42.134"
"1495497329.000",492,0,492,"136.98.149.1",445,7,0,7,"10.84.42.134"
"1495497329.000",492,0,492,"136.98.100.1",445,7,0,7,"10.84.42.134"
"1495497328.000",492,0,492,"10.125.242.1",445,7,0,7,"10.84.42.134"
"1495497328.000",492,0,492,"136.98.149.1",445,7,0,7,"10.84.42.134"
"1495497328.000",492,0,492,"136.98.100.1",445,7,0,7,"10.84.42.134"
"1495497327.000",492,0,492,"10.125.242.1",445,7,0,7,"10.84.42.134"
"1495497327.000",492,0,492,"136.98.149.1",445,7,0,7,"10.84.42.134"
"1495497326.000",492,0,492,"10.125.242.1",445,7,0,7,"10.84.42.134"
"1495497326.000",492,0,492,"136.98.149.1",445,7,0,7,"10.84.42.134"
"1495497326.000",492,0,492,"136.98.100.1",445,7,0,7,"10.84.42.134"
"1495497301.000",492,0,492,"136.98.149.1",445,7,0,7,"10.84.42.134"
"1495497301.000",492,0,492,"10.125.242.1",445,7,0,7,"10.84.42.134"
"1495497301.000",492,0,492,"136.98.100.1",445,7,0,7,"10.84.42.134"
"1495497300.000",492,0,492,"10.125.242.1",445,7,0,7,"10.84.42.134"
"1495497300.000",492,0,492,"136.98.149.1",445,7,0,7,"10.84.42.134"
"1495497300.000",492,0,492,"136.98.100.1",445,7,0,7,"10.84.42.134"
"1495497296.000",492,0,492,"136.98.149.1",445,7,0,7,"10.84.42.134"
"1495497296.000",492,0,492,"136.98.100.1",445,7,0,7,"10.84.42.134"
"1495497095.000",492,0,492,"136.98.100.1",445,7,0,7,"10.84.42.134"
"1495497095.000",492,0,492,"10.125.242.1",445,7,0,7,"10.84.42.134"
"1495497095.000",492,0,492,"10.125.242.1",445,7,0,7,"10.84.42.134"
"1495497095.000",492,0,492,"136.98.149.1",445,7,0,7,"10.84.42.134"
"1495497095.000",492,0,492,"136.98.100.1",445,7,0,7,"10.84.42.134"
"1495497084.000",7440,2347,5093,"10.11.168.10",445,26,11,15,"10.84.42.134"
"1495497052.000",492,0,492,"10.125.242.1",445,7,0,7,"10.84.42.134"
"1495497052.000",492,0,492,"136.98.149.1",445,7,0,7,"10.84.42.134"
"1495497052.000",492,0,492,"136.98.149.1",445,7,0,7,"10.84.42.134"
"1495497052.000",492,0,492,"136.98.100.1",445,7,0,7,"10.84.42.134"
"1495497052.000",492,0,492,"136.98.100.1",445,7,0,7,"10.84.42.134"
"1495497052.000",492,0,492,"10.125.242.1",445,7,0,7,"10.84.42.134"
"1495497046.000",8620,3055,5565,"10.11.168.9",445,32,13,19,"10.84.42.134"
"1495496747.000",492,0,492,"10.125.242.1",445,7,0,7,"10.84.42.134"
"1495496747.000",492,0,492,"136.98.149.1",445,7,0,7,"10.84.42.134"
"1495496747.000",492,0,492,"136.98.100.1",445,7,0,7,"10.84.42.134"
"1495496738.000",6473,1823,4650,"10.11.168.10",445,22,9,13,"10.84.42.134"
"1495496737.000",492,0,492,"136.98.100.1",445,7,0,7,"10.84.42.134"
"1495496737.000",492,0,492,"136.98.149.1",445,7,0,7,"10.84.42.134"
"1495496735.000",410,0,410,"10.125.242.1",445,6,0,6,"10.84.42.134"
"1495496376.000",147403,78067,69336,"10.11.168.10",445,543,264,279,"10.84.42.134"
"1495496312.000",492,0,492,"10.125.242.1",445,7,0,7,"10.84.42.134"
"1495496312.000",492,0,492,"136.98.149.1",445,7,0,7,"10.84.42.134"
"1495496274.000",492,0,492,"136.98.100.1",445,7,0,7,"10.84.42.134"
"1495496274.000",492,0,492,"10.125.242.1",445,7,0,7,"10.84.42.134"
"1495496274.000",492,0,492,"136.98.149.1",445,7,0,7,"10.84.42.134"
"1495496263.000",492,0,492,"136.98.100.1",445,7,0,7,"10.84.42.134"
"1495496263.000",492,0,492,"136.98.149.1",445,7,0,7,"10.84.42.134"
"1495496263.000",492,0,492,"10.125.242.1",445,7,0,7,"10.84.42.134"
"1495496261.000",6999,2305,4694,"10.11.168.10",445,27,12,15,"10.84.42.134"
"1495496225.000",56836,25114,31722,"10.11.168.180",445,280,136,144,"10.84.42.134"
"1495496223.000",492,0,492,"136.98.149.1",445,7,0,7,"10.84.42.134"
"1495496223.000",492,0,492,"136.98.100.1",445,7,0,7,"10.84.42.134"
"1495496223.000",492,0,492,"10.125.242.1",445,7,0,7,"10.84.42.134"
"1495496216.000",492,0,492,"10.125.242.1",445,7,0,7,"10.84.42.134"
"1495496216.000",492,0,492,"136.98.149.1",445,7,0,7,"10.84.42.134"
"1495496216.000",492,0,492,"136.98.100.1",445,7,0,7,"10.84.42.134"
"1495496214.000",492,0,492,"136.98.149.1",445,7,0,7,"10.84.42.134"
"1495496214.000",492,0,492,"136.98.100.1",445,7,0,7,"10.84.42.134"
"1495496214.000",492,0,492,"10.125.242.1",445,7,0,7,"10.84.42.134"
"1495496209.000",492,0,492,"136.98.149.1",445,7,0,7,"10.84.42.134"
"1495496209.000",492,0,492,"10.125.242.1",445,7,0,7,"10.84.42.134"
"1495496209.000",492,0,492,"136.98.100.1",445,7,0,7,"10.84.42.134"
"1495496184.000",7440,2347,5093,"10.11.168.10",445,26,11,15,"10.84.42.134"
"1495496171.000",211645,112303,99342,"10.11.168.10",445,779,386,393,"10.84.42.134"
"1495496166.000",492,0,492,"10.125.242.1",445,7,0,7,"10.84.42.134"
"1495496166.000",492,0,492,"136.98.100.1",445,7,0,7,"10.84.42.134"
"1495496166.000",492,0,492,"136.98.149.1",445,7,0,7,"10.84.42.134"
"1495496148.000",492,0,492,"10.125.242.1",445,7,0,7,"10.84.42.134"
"1495496148.000",492,0,492,"136.98.100.1",445,7,0,7,"10.84.42.134"
"1495496132.000",492,0,492,"10.125.242.1",445,7,0,7,"10.84.42.134"
"1495496132.000",492,0,492,"136.98.100.1",445,7,0,7,"10.84.42.134"
"1495496132.000",492,0,492,"136.98.149.1",445,7,0,7,"10.84.42.134"
"1495496122.000",492,0,492,"136.98.100.1",445,7,0,7,"10.84.42.134"
"1495496122.000",492,0,492,"136.98.149.1",445,7,0,7,"10.84.42.134"
"1495496122.000",492,0,492,"10.125.242.1",445,7,0,7,"10.84.42.134"
"1495496119.000",492,0,492,"136.98.149.1",445,7,0,7,"10.84.42.134"
"1495496119.000",492,0,492,"10.125.242.1",445,7,0,7,"10.84.42.134"
"1495496119.000",492,0,492,"136.98.100.1",445,7,0,7,"10.84.42.134"
"1495495916.000",7501,2353,5148,"10.11.168.10",445,26,11,15,"10.84.42.134"
"1495495906.000",492,0,492,"10.125.242.1",445,7,0,7,"10.84.42.134"
"1495495906.000",492,0,492,"136.98.149.1",445,7,0,7,"10.84.42.134"
"1495495906.000",492,0,492,"136.98.100.1",445,7,0,7,"10.84.42.134"
"1495495891.000",492,0,492,"10.125.242.1",445,7,0,7,"10.84.42.134"
"1495495891.000",492,0,492,"136.98.149.1",445,7,0,7,"10.84.42.134"
"1495495891.000",492,0,492,"136.98.100.1",445,7,0,7,"10.84.42.134"
"1495495889.000",492,0,492,"10.125.242.1",445,7,0,7,"10.84.42.134"
"1495495889.000",492,0,492,"136.98.100.1",445,7,0,7,"10.84.42.134"
"1495495889.000",492,0,492,"136.98.149.1",445,7,0,7,"10.84.42.134"
"1495495886.000",7505,2347,5158,"10.11.168.10",445,26,11,15,"10.84.42.134"
"1495495884.000",492,0,492,"10.125.242.1",445,7,0,7,"10.84.42.134"
"1495495884.000",492,0,492,"136.98.100.1",445,7,0,7,"10.84.42.134"
"1495495884.000",492,0,492,"136.98.149.1",445,7,0,7,"10.84.42.134"
"1495495882.000",492,0,492,"136.98.100.1",445,7,0,7,"10.84.42.134"
"1495495882.000",492,0,492,"10.125.242.1",445,7,0,7,"10.84.42.134"
"1495495842.000",492,0,492,"136.98.100.1",445,7,0,7,"10.84.42.134"
"1495495842.000",492,0,492,"10.125.242.1",445,7,0,7,"10.84.42.134"
"1495495842.000",492,0,492,"136.98.149.1",445,7,0,7,"10.84.42.134"
"1495495838.000",492,0,492,"10.125.242.1",445,7,0,7,"10.84.42.134"
"1495495838.000",34586,15200,19386,"10.11.168.180",445,161,77,84,"10.84.42.134"
"1495495838.000",6531,1822,4709,"10.11.168.10",445,23,9,14,"10.84.42.134"
"1495495838.000",492,0,492,"136.98.149.1",445,7,0,7,"10.84.42.134"
"1495495838.000",492,0,492,"136.98.100.1",445,7,0,7,"10.84.42.134"
"1495495836.000",6488,1823,4665,"10.11.168.10",445,23,9,14,"10.84.42.134"
"1495495802.000",492,0,492,"136.98.149.1",445,7,0,7,"10.84.42.134"
"1495495802.000",492,0,492,"136.98.100.1",445,7,0,7,"10.84.42.134"
"1495495802.000",492,0,492,"10.125.242.1",445,7,0,7,"10.84.42.134"
"1495495797.000",492,0,492,"136.98.100.1",445,7,0,7,"10.84.42.134"
"1495495797.000",492,0,492,"136.98.149.1",445,7,0,7,"10.84.42.134"
"1495495797.000",492,0,492,"136.98.149.1",445,7,0,7,"10.84.42.134"
"1495495797.000",492,0,492,"10.125.242.1",445,7,0,7,"10.84.42.134"
"1495495797.000",492,0,492,"10.125.242.1",445,7,0,7,"10.84.42.134"
"1495495797.000",492,0,492,"136.98.100.1",445,7,0,7,"10.84.42.134"
"1495495668.000",492,0,492,"10.125.242.1",445,7,0,7,"10.84.42.134"
"1495495647.000",492,0,492,"10.125.242.1",445,7,0,7,"10.84.42.134"
"1495495647.000",492,0,492,"136.98.149.1",445,7,0,7,"10.84.42.134"
"1495495647.000",492,0,492,"136.98.100.1",445,7,0,7,"10.84.42.134"
"1495495646.000",492,0,492,"136.98.100.1",445,7,0,7,"10.84.42.134"
"1495495646.000",492,0,492,"10.125.242.1",445,7,0,7,"10.84.42.134"
"1495495642.000",492,0,492,"10.125.242.1",445,7,0,7,"10.84.42.134"
"1495495642.000",492,0,492,"136.98.100.1",445,7,0,7,"10.84.42.134"
"1495495642.000",492,0,492,"136.98.149.1",445,7,0,7,"10.84.42.134"
"1495495432.000",492,0,492,"136.98.100.1",445,7,0,7,"10.84.42.134"
"1495495408.000",492,0,492,"136.98.149.1",445,7,0,7,"10.84.42.134"
"1495495408.000",492,0,492,"136.98.100.1",445,7,0,7,"10.84.42.134"
"1495495408.000",492,0,492,"10.125.242.1",445,7,0,7,"10.84.42.134"
"1495495397.000",6573,1823,4750,"10.11.168.9",445,23,9,14,"10.84.42.134"
"1495495331.000",492,0,492,"10.125.242.1",445,7,0,7,"10.84.42.134"
"1495495331.000",492,0,492,"136.98.100.1",445,7,0,7,"10.84.42.134"
"1495495331.000",492,0,492,"136.98.149.1",445,7,0,7,"10.84.42.134"
"1495495330.000",492,0,492,"136.98.100.1",445,7,0,7,"10.84.42.134"
"1495495330.000",492,0,492,"10.125.242.1",445,7,0,7,"10.84.42.134"
"1495495330.000",492,0,492,"136.98.149.1",445,7,0,7,"10.84.42.134"
"1495494829.000",492,0,492,"136.98.100.1",445,7,0,7,"10.84.42.134"
"1495494829.000",492,0,492,"10.125.242.1",445,7,0,7,"10.84.42.134"
"1495494829.000",492,0,492,"136.98.149.1",445,7,0,7,"10.84.42.134"
"1495494734.000",492,0,492,"136.98.100.1",445,7,0,7,"10.84.42.134"
"1495494731.000",492,0,492,"136.98.149.1",445,7,0,7,"10.84.42.134"
"1495494731.000",492,0,492,"10.125.242.1",445,7,0,7,"10.84.42.134"
"1495494731.000",492,0,492,"136.98.100.1",445,7,0,7,"10.84.42.134"
"1495494730.000",492,0,492,"10.125.242.1",445,7,0,7,"10.84.42.134"
"1495494684.000",492,0,492,"10.125.242.1",445,7,0,7,"10.84.42.134"
"1495494684.000",492,0,492,"136.98.100.1",445,7,0,7,"10.84.42.134"
"1495494684.000",492,0,492,"136.98.149.1",445,7,0,7,"10.84.42.134"
"1495494682.000",492,0,492,"10.125.242.1",445,7,0,7,"10.84.42.134"
"1495494682.000",492,0,492,"136.98.149.1",445,7,0,7,"10.84.42.134"
"1495494682.000",492,0,492,"136.98.100.1",445,7,0,7,"10.84.42.134"
"1495494673.000",492,0,492,"136.98.149.1",445,7,0,7,"10.84.42.134"
"1495494255.000",7444,2347,5097,"10.11.168.10",445,26,11,15,"10.84.42.134"
"1495494249.000",4748318,2523658,2224660,"10.11.168.3",445,18089,9011,9078,"10.84.42.134"
"1495494217.000",28279,12517,15762,"10.11.168.180",445,137,69,68,"10.84.42.134"
"1495494212.000",8102,2759,5343,"10.11.168.9",445,30,13,17,"10.84.42.134"
"1495494198.000",17121,7667,9454,"10.11.168.180",445,80,38,42,"10.84.42.134"
"1495494181.000",7444,2347,5097,"10.11.168.9",445,26,11,15,"10.84.42.134"
"1495494114.000",8145,2701,5444,"10.11.168.10",445,30,12,18,"10.84.42.134"
"1495494114.000",13610,6043,7567,"10.11.168.180",445,63,30,33,"10.84.42.134"
"1495493703.000",35930,22355,13575,"10.11.168.10",445,141,55,86,"10.84.42.134"
"1495493699.000",6943,3104,3839,"10.11.168.180",445,34,15,19,"10.84.42.134"
"1495493601.000",12322,5927,6395,"10.11.168.180",445,65,37,28,"10.84.42.134"
"1495493597.000",6573,1823,4750,"10.11.168.9",445,23,9,14,"10.84.42.134"
"1495493518.000",6505,1881,4624,"10.11.168.9",445,24,10,14,"10.84.42.134"
"1495493516.000",6471,1822,4649,"10.11.168.9",445,22,9,13,"10.84.42.134"
"1495493483.000",7440,2347,5093,"10.11.168.10",445,26,11,15,"10.84.42.134"
"1495493381.000",126,64,62,"10.83.14.134",445,2,1,1,"10.84.42.134"
"1495493381.000",124,60,64,"10.83.14.134",445,2,1,1,"10.84.42.134"
"1495493356.000",62,0,62,"10.83.14.134",445,1,0,1,"10.84.42.134"
"1495493356.000",64,0,64,"10.83.14.134",445,1,0,1,"10.84.42.134"
"1495493355.000",62,0,62,"10.83.14.134",445,1,0,1,"10.84.42.134"
"1495493309.000",7444,2347,5097,"10.11.168.10",445,26,11,15,"10.84.42.134"
"1495493216.000",7501,2353,5148,"10.11.168.9",445,26,11,15,"10.84.42.134"
"1495493216.000",28794,12596,16198,"10.11.168.180",445,135,63,72,"10.84.42.134"
"1495493186.000",7505,2347,5158,"10.11.168.10",445,26,11,15,"10.84.42.134"
"1495492954.000",422,212,210,"10.83.68.49",445,7,3,4,"10.84.42.134"
"1495492954.000",2070,1154,916,"10.83.68.49",445,16,6,10,"10.84.42.134"
"1495492952.000",2066,1150,916,"10.83.29.158",445,16,6,10,"10.84.42.134"
"1495492952.000",282,142,140,"10.83.29.158",445,5,2,3,"10.84.42.134"
"1495492952.000",2066,1150,916,"10.83.29.158",445,16,6,10,"10.84.42.134"
"1495492952.000",2070,1154,916,"10.83.68.49",445,16,6,10,"10.84.42.134"
"1495492951.000",422,212,210,"10.83.68.49",445,7,3,4,"10.84.42.134"
"1495492951.000",2066,1150,916,"10.83.29.158",445,16,6,10,"10.84.42.134"
"1495492951.000",282,142,140,"10.83.29.158",445,5,2,3,"10.84.42.134"
"1495492951.000",2070,1154,916,"10.83.68.49",445,16,6,10,"10.84.42.134"
"1495492950.000",422,212,210,"10.83.68.49",445,7,3,4,"10.84.42.134"
"1495492949.000",282,142,140,"10.83.29.158",445,5,2,3,"10.84.42.134"
"1495492949.000",2066,1150,916,"10.83.29.158",445,16,6,10,"10.84.42.134"
"1495492949.000",2070,1154,916,"10.83.68.49",445,16,6,10,"10.84.42.134"
"1495492948.000",2070,1154,916,"10.83.68.49",445,16,6,10,"10.84.42.134"
"1495492948.000",282,142,140,"10.83.29.158",445,5,2,3,"10.84.42.134"
"1495492948.000",422,212,210,"10.83.68.49",445,7,3,4,"10.84.42.134"
"1495492948.000",2066,1150,916,"10.83.29.158",445,16,6,10,"10.84.42.134"
"1495492946.000",82,0,82,"186.214.252.94",445,1,0,1,"10.84.42.134"
"1495492946.000",82,0,82,"10.157.36.22",445,2,0,2,"10.84.42.134"
"1495492945.000",82,0,82,"136.98.181.1",445,2,0,2,"10.84.42.134"
"1495492945.000",82,0,82,"10.157.36.22",445,2,0,2,"10.84.42.134"
"1495492945.000",82,0,82,"136.98.182.1",445,2,0,2,"10.84.42.134"
"1495492943.000",82,0,82,"10.157.36.22",445,2,0,2,"10.84.42.134"
"1495492943.000",82,0,82,"136.98.182.1",445,2,0,2,"10.84.42.134"
"1495492943.000",82,0,82,"186.214.252.94",445,1,0,1,"10.84.42.134"
"1495492943.000",82,0,82,"136.98.181.1",445,2,0,2,"10.84.42.134"
"1495492941.000",82,0,82,"10.157.36.22",445,2,0,2,"10.84.42.134"
"1495492941.000",82,0,82,"186.214.252.94",445,1,0,1,"10.84.42.134"
"1495492941.000",82,0,82,"136.98.181.1",445,2,0,2,"10.84.42.134"
"1495492941.000",82,0,82,"136.98.182.1",445,2,0,2,"10.84.42.134"
"1495492940.000",82,0,82,"10.157.36.22",445,2,0,2,"10.84.42.134"
"1495492940.000",82,0,82,"136.98.182.1",445,2,0,2,"10.84.42.134"
"1495492940.000",82,0,82,"136.98.181.1",445,2,0,2,"10.84.42.134"
"1495492940.000",82,0,82,"186.214.252.94",445,1,0,1,"10.84.42.134"
"1495492938.000",82,0,82,"10.84.90.244",445,2,0,2,"10.84.42.134"
"1495491693.000",6546,1881,4665,"10.11.168.9",445,24,10,14,"10.84.42.134"
"1495491683.000",7498,2405,5093,"10.11.168.10",445,27,12,15,"10.84.42.134"
"1495491451.000",7420,2347,5073,"10.11.168.9",445,26,11,15,"10.84.42.134"
"1495491063.000",2000,1154,846,"10.83.22.26",445,15,6,9,"10.84.42.134"
"1495491060.000",492,0,492,"136.98.100.1",445,7,0,7,"10.84.42.134"
"1495491060.000",492,0,492,"10.125.242.1",445,7,0,7,"10.84.42.134"
"1495491060.000",492,0,492,"136.98.149.1",445,7,0,7,"10.84.42.134"
"1495490516.000",7501,2353,5148,"10.11.168.9",445,26,11,15,"10.84.42.134"
"1495490367.000",2134,1218,916,"10.83.22.26",445,17,7,10,"10.84.42.134"
"1495490367.000",282,142,140,"10.83.22.26",445,5,2,3,"10.84.42.134"
"1495489772.000",492,0,492,"10.125.242.1",445,7,0,7,"10.84.42.134"
"1495489772.000",492,0,492,"136.98.149.1",445,7,0,7,"10.84.42.134"
"1495489772.000",492,0,492,"136.98.100.1",445,7,0,7,"10.84.42.134"
"1495489771.000",492,0,492,"136.98.149.1",445,7,0,7,"10.84.42.134"
"1495489771.000",492,0,492,"136.98.100.1",445,7,0,7,"10.84.42.134"
"1495489771.000",492,0,492,"10.125.242.1",445,7,0,7,"10.84.42.134"
"1495489767.000",7442,2346,5096,"10.11.168.10",445,26,11,15,"10.84.42.134"
"1495489449.000",492,0,492,"136.98.149.1",445,7,0,7,"10.84.42.134"
"1495489449.000",492,0,492,"136.98.100.1",445,7,0,7,"10.84.42.134"
"1495489449.000",492,0,492,"10.125.242.1",445,7,0,7,"10.84.42.134"
"1495489173.000",7525,2347,5178,"10.11.168.9",445,27,11,16,"10.84.42.134"
"1495489163.000",8065,2701,5364,"10.11.168.10",445,29,12,17,"10.84.42.134"
"1495488823.000",217320,113456,103864,"10.11.168.10",445,796,392,404,"10.84.42.134"
"1495488716.000",7881,2663,5218,"10.11.168.9",445,28,12,16,"10.84.42.134"
"1495488475.000",486,276,210,"10.83.185.183",445,8,4,4,"10.84.42.134"
"1495488475.000",2384,1468,916,"10.83.185.183",445,17,7,10,"10.84.42.134"
"1495488250.000",7485,2347,5138,"10.11.168.10",445,26,11,15,"10.84.42.134"
"1495487916.000",6595,1881,4714,"10.11.168.10",445,25,10,15,"10.84.42.134"
"1495487352.000",7485,2347,5138,"10.11.168.10",445,26,11,15,"10.84.42.134"
"1495487352.000",7420,2347,5073,"10.11.168.9",445,26,11,15,"10.84.42.134"
"1495487298.000",6573,1823,4750,"10.11.168.9",445,23,9,14,"10.84.42.134"
"1495486374.000",492,0,492,"136.98.100.1",445,7,0,7,"10.84.42.134"
"1495486371.000",492,0,492,"136.98.149.1",445,7,0,7,"10.84.42.134"
"1495486371.000",492,0,492,"10.125.242.1",445,7,0,7,"10.84.42.134"
"1495486371.000",492,0,492,"136.98.100.1",445,7,0,7,"10.84.42.134"
"1495485977.000",6467,1823,4644,"10.11.168.10",445,23,9,14,"10.84.42.134"
"1495485948.000",10060,4506,5554,"10.11.168.180",445,48,22,26,"10.84.42.134"
"1495485710.000",492,0,492,"136.98.149.1",445,7,0,7,"10.84.42.134"
"1495485710.000",492,0,492,"136.98.100.1",445,7,0,7,"10.84.42.134"
"1495485708.000",6965,3162,3803,"10.11.168.180",445,35,16,19,"10.84.42.134"
"1495485498.000",6631,1881,4750,"10.11.168.9",445,24,10,14,"10.84.42.134"
"1495485496.000",492,0,492,"136.98.149.1",445,7,0,7,"10.84.42.134"
"1495485479.000",492,0,492,"10.125.242.1",445,7,0,7,"10.84.42.134"
"1495485479.000",492,0,492,"136.98.100.1",445,7,0,7,"10.84.42.134"
"1495485479.000",492,0,492,"136.98.149.1",445,7,0,7,"10.84.42.134"
"1495485476.000",492,0,492,"136.98.100.1",445,7,0,7,"10.84.42.134"
"1495485476.000",492,0,492,"136.98.149.1",445,7,0,7,"10.84.42.134"
"1495485476.000",492,0,492,"10.125.242.1",445,7,0,7,"10.84.42.134"
"1495485392.000",492,0,492,"136.98.149.1",445,7,0,7,"10.84.42.134"
"1495485392.000",492,0,492,"10.125.242.1",445,7,0,7,"10.84.42.134"
"1495485389.000",492,0,492,"136.98.149.1",445,7,0,7,"10.84.42.134"
"1495485389.000",492,0,492,"10.125.242.1",445,7,0,7,"10.84.42.134"
"1495485389.000",492,0,492,"136.98.100.1",445,7,0,7,"10.84.42.134"
"1495485389.000",492,0,492,"136.98.100.1",445,7,0,7,"10.84.42.134"
"1495485389.000",492,0,492,"10.125.242.1",445,7,0,7,"10.84.42.134"
"1495485389.000",492,0,492,"136.98.149.1",445,7,0,7,"10.84.42.134"
"1495485111.000",492,0,492,"136.98.149.1",445,7,0,7,"10.84.42.134"
"1495485111.000",492,0,492,"136.98.100.1",445,7,0,7,"10.84.42.134"
"1495485111.000",492,0,492,"10.125.242.1",445,7,0,7,"10.84.42.134"
"1495484868.000",10060,4506,5554,"10.11.168.180",445,48,22,26,"10.84.42.134"
"1495484808.000",10060,4506,5554,"10.11.168.180",445,48,22,26,"10.84.42.134"
"1495484366.000",7442,2346,5096,"10.11.168.10",445,26,11,15,"10.84.42.134"
"1495484358.000",6965,3162,3803,"10.11.168.180",445,35,16,19,"10.84.42.134"
"1495484342.000",7444,2347,5097,"10.11.168.10",445,26,11,15,"10.84.42.134"
"1495484182.000",7625,2487,5138,"10.11.168.10",445,28,13,15,"10.84.42.134"
"1495484177.000",6467,1823,4644,"10.11.168.10",445,23,9,14,"10.84.42.134"
"1495484058.000",13913,6178,7735,"10.11.168.180",445,71,31,40,"10.84.42.134"
"1495483816.000",492,0,492,"136.98.100.1",445,7,0,7,"10.84.42.134"
"1495483816.000",492,0,492,"136.98.149.1",445,7,0,7,"10.84.42.134"
"1495483816.000",492,0,492,"10.125.242.1",445,7,0,7,"10.84.42.134"
"1495483753.000",492,0,492,"136.98.100.1",445,7,0,7,"10.84.42.134"
"1495483753.000",492,0,492,"136.98.149.1",445,7,0,7,"10.84.42.134"
"1495483753.000",492,0,492,"10.125.242.1",445,7,0,7,"10.84.42.134"
"1495483752.000",574,0,574,"136.98.149.1",445,8,0,8,"10.84.42.134"
"1495483752.000",574,0,574,"136.98.100.1",445,8,0,8,"10.84.42.134"
"1495483747.000",492,0,492,"136.98.100.1",445,7,0,7,"10.84.42.134"
"1495483747.000",492,0,492,"10.125.242.1",445,7,0,7,"10.84.42.134"
"1495483747.000",492,0,492,"136.98.149.1",445,7,0,7,"10.84.42.134"
"1495483453.000",492,0,492,"10.125.242.1",445,7,0,7,"10.84.42.134"
"1495483453.000",492,0,492,"136.98.100.1",445,7,0,7,"10.84.42.134"
"1495483453.000",492,0,492,"136.98.149.1",445,7,0,7,"10.84.42.134"
"1495483447.000",20124,8847,11277,"10.11.168.180",445,94,44,50,"10.84.42.134"
"1495483315.000",8073,2679,5394,"10.11.168.9",445,29,12,17,"10.84.42.134"
"1495483188.000",10060,4506,5554,"10.11.168.180",445,48,22,26,"10.84.42.134"
"1495483180.000",492,0,492,"136.98.100.1",445,7,0,7,"10.84.42.134"
"1495483180.000",492,0,492,"10.125.242.1",445,7,0,7,"10.84.42.134"
"1495483180.000",492,0,492,"136.98.149.1",445,7,0,7,"10.84.42.134"
"1495482948.000",10060,4506,5554,"10.11.168.180",445,48,22,26,"10.84.42.134"
"1495482936.000",492,0,492,"136.98.149.1",445,7,0,7,"10.84.42.134"
"1495482936.000",492,0,492,"136.98.100.1",445,7,0,7,"10.84.42.134"
"1495482936.000",492,0,492,"10.125.242.1",445,7,0,7,"10.84.42.134"
"1495482905.000",492,0,492,"10.125.242.1",445,7,0,7,"10.84.42.134"
"1495482905.000",492,0,492,"136.98.100.1",445,7,0,7,"10.84.42.134"
"1495482905.000",492,0,492,"136.98.149.1",445,7,0,7,"10.84.42.134"
"1495482588.000",10123,4569,5554,"10.11.168.180",445,49,23,26,"10.84.42.134"
"1495482582.000",7438,2346,5092,"10.11.168.9",445,26,11,15,"10.84.42.134"
"1495482516.000",7442,2346,5096,"10.11.168.9",445,26,11,15,"10.84.42.134"
"1495482516.000",6467,1823,4644,"10.11.168.10",445,23,9,14,"10.84.42.134"
"1495482515.000",492,0,492,"136.98.100.1",445,7,0,7,"10.84.42.134"
"1495482515.000",492,0,492,"136.98.149.1",445,7,0,7,"10.84.42.134"
"1495482144.000",492,0,492,"136.98.100.1",445,7,0,7,"10.84.42.134"
"1495482144.000",492,0,492,"136.98.149.1",445,7,0,7,"10.84.42.134"
"1495482144.000",492,0,492,"10.125.242.1",445,7,0,7,"10.84.42.134"
"1495481515.000",8073,2679,5394,"10.11.168.9",445,29,12,17,"10.84.42.134"
"1495481376.000",492,0,492,"136.98.149.1",445,7,0,7,"10.84.42.134"
"1495481376.000",492,0,492,"136.98.100.1",445,7,0,7,"10.84.42.134"
"1495480877.000",410,0,410,"10.125.242.1",445,6,0,6,"10.84.42.134"
"1495480877.000",410,0,410,"136.98.149.1",445,6,0,6,"10.84.42.134"
"1495480877.000",410,0,410,"136.98.100.1",445,6,0,6,"10.84.42.134"
"1495480868.000",492,0,492,"10.125.242.1",445,7,0,7,"10.84.42.134"
"1495480868.000",492,0,492,"136.98.149.1",445,7,0,7,"10.84.42.134"
"1495480868.000",492,0,492,"136.98.100.1",445,7,0,7,"10.84.42.134"
"1495480861.000",492,0,492,"136.98.100.1",445,7,0,7,"10.84.42.134"
"1495480861.000",492,0,492,"10.125.242.1",445,7,0,7,"10.84.42.134"
"1495480861.000",492,0,492,"136.98.149.1",445,7,0,7,"10.84.42.134"
"1495480782.000",7496,2404,5092,"10.11.168.9",445,27,12,15,"10.84.42.134"
"1495479816.000",7500,2404,5096,"10.11.168.9",445,27,12,15,"10.84.42.134"
"1495479131.000",6737,2023,4714,"10.11.168.10",445,26,11,15,"10.84.42.134"
"1495478855.000",211433,112054,99379,"10.11.168.9",445,779,384,395,"10.84.42.134"
"1495478842.000",6745,2929,3816,"10.11.168.180",445,33,15,18,"10.84.42.134"
"1495478820.000",492,0,492,"10.125.242.1",445,7,0,7,"10.84.42.134"
"1495477540.000",492,0,492,"10.125.242.1",445,7,0,7,"10.84.42.134"
"1495477540.000",492,0,492,"136.98.149.1",445,7,0,7,"10.84.42.134"
"1495477425.000",492,0,492,"10.125.242.1",445,7,0,7,"10.84.42.134"
"1495477425.000",492,0,492,"136.98.100.1",445,7,0,7,"10.84.42.134"
"1495477425.000",492,0,492,"136.98.149.1",445,7,0,7,"10.84.42.134"
"1495477425.000",7543,2405,5138,"10.11.168.9",445,27,12,15,"10.84.42.134"
"1495477419.000",6616,1951,4665,"10.11.168.9",445,25,11,14,"10.84.42.134"
"1495476509.000",492,0,492,"10.125.242.1",445,7,0,7,"10.84.42.134"
"1495476509.000",492,0,492,"136.98.149.1",445,7,0,7,"10.84.42.134"
"1495476496.000",410,0,410,"10.125.242.1",445,6,0,6,"10.84.42.134"
"1495476496.000",410,0,410,"136.98.149.1",445,6,0,6,"10.84.42.134"
"1495476495.000",492,0,492,"10.125.242.1",445,7,0,7,"10.84.42.134"
"1495476495.000",492,0,492,"136.98.100.1",445,7,0,7,"10.84.42.134"
"1495476495.000",492,0,492,"136.98.149.1",445,7,0,7,"10.84.42.134"
"1495476483.000",492,0,492,"136.98.100.1",445,7,0,7,"10.84.42.134"
"1495476483.000",492,0,492,"136.98.149.1",445,7,0,7,"10.84.42.134"
"1495476482.000",492,0,492,"136.98.149.1",445,7,0,7,"10.84.42.134"
"1495476482.000",492,0,492,"10.125.242.1",445,7,0,7,"10.84.42.134"
"1495476482.000",492,0,492,"136.98.100.1",445,7,0,7,"10.84.42.134"
"1495476481.000",492,0,492,"10.125.242.1",445,7,0,7,"10.84.42.134"
"1495476481.000",492,0,492,"136.98.100.1",445,7,0,7,"10.84.42.134"
"1495476481.000",492,0,492,"136.98.149.1",445,7,0,7,"10.84.42.134"
"1495476442.000",492,0,492,"136.98.149.1",445,7,0,7,"10.84.42.134"
"1495476436.000",492,0,492,"136.98.149.1",445,7,0,7,"10.84.42.134"
"1495476436.000",492,0,492,"136.98.100.1",445,7,0,7,"10.84.42.134"
"1495476436.000",492,0,492,"10.125.242.1",445,7,0,7,"10.84.42.134"
"1495476435.000",492,0,492,"10.125.242.1",445,7,0,7,"10.84.42.134"
"1495476435.000",492,0,492,"136.98.100.1",445,7,0,7,"10.84.42.134"
"1495476435.000",492,0,492,"136.98.149.1",445,7,0,7,"10.84.42.134"
"1495476434.000",492,0,492,"136.98.100.1",445,7,0,7,"10.84.42.134"
"1495476434.000",492,0,492,"10.125.242.1",445,7,0,7,"10.84.42.134"
"1495476434.000",492,0,492,"136.98.149.1",445,7,0,7,"10.84.42.134"
"1495476431.000",6595,1951,4644,"10.11.168.10",445,25,11,14,"10.84.42.134"
"1495476157.000",82,0,82,"10.160.245.129",445,1,0,1,"10.84.42.134"
"1495476057.000",82,0,82,"10.160.245.129",445,1,0,1,"10.84.42.134"
"1495476055.000",6533,1823,4710,"10.11.168.10",445,23,9,14,"10.84.42.134"
"1495475860.000",492,0,492,"10.125.242.1",445,7,0,7,"10.84.42.134"
"1495475860.000",492,0,492,"136.98.149.1",445,7,0,7,"10.84.42.134"
"1495475860.000",492,0,492,"136.98.100.1",445,7,0,7,"10.84.42.134"
"1495475852.000",90746786,44084058,46662728,"10.11.168.3",445,402403,201085,201318,"10.84.42.134"
"1495475849.000",492,0,492,"10.125.242.1",445,7,0,7,"10.84.42.134"
"1495475849.000",492,0,492,"136.98.100.1",445,7,0,7,"10.84.42.134"
"1495475849.000",492,0,492,"136.98.149.1",445,7,0,7,"10.84.42.134"
"1495475312.000",352,212,140,"10.83.65.81",445,6,3,3,"10.84.42.134"
"1495475309.000",492,0,492,"10.125.242.1",445,7,0,7,"10.84.42.134"
"1495475309.000",492,0,492,"136.98.149.1",445,7,0,7,"10.84.42.134"
"1495475309.000",492,0,492,"136.98.100.1",445,7,0,7,"10.84.42.134"
"1495475271.000",7420,2347,5073,"10.11.168.10",445,26,11,15,"10.84.42.134"
"1495475060.000",6407,1823,4584,"10.11.168.10",445,22,9,13,"10.84.42.134"
"1495474867.000",492,0,492,"10.125.242.1",445,7,0,7,"10.84.42.134"
"1495474867.000",492,0,492,"136.98.100.1",445,7,0,7,"10.84.42.134"
"1495474867.000",492,0,492,"136.98.149.1",445,7,0,7,"10.84.42.134"
"1495474663.000",17453,7665,9788,"10.11.168.180",445,83,39,44,"10.84.42.134"
"1495474287.000",1986,1140,846,"10.83.65.91",445,15,6,9,"10.84.42.134"
"1495474285.000",7505,2347,5158,"10.11.168.10",445,26,11,15,"10.84.42.134"
"1495474160.000",6525,1881,4644,"10.11.168.10",445,24,10,14,"10.84.42.134"
"1495473116.000",666,380,286,"10.11.168.180",445,6,2,4,"10.84.42.134"
"1495473116.000",666,380,286,"10.11.168.180",445,6,2,4,"10.84.42.134"
"1495473115.000",662,376,286,"10.11.168.180",445,6,2,4,"10.84.42.134"
"1495473114.000",1253,690,563,"10.11.168.180",445,9,3,6,"10.84.42.134"
"1495472897.000",38098,18895,19203,"10.11.168.10",445,132,63,69,"10.84.42.134"
"1495471812.000",286,146,140,"10.83.65.91",445,5,2,3,"10.84.42.134"
"1495471243.000",356,216,140,"10.83.65.91",445,6,3,3,"10.84.42.134"
"1495471234.000",8111,2731,5380,"10.11.168.9",445,30,13,17,"10.84.42.134"
"1495471204.000",286,146,140,"10.83.65.91",445,5,2,3,"10.84.42.134"
"1495471129.000",352,212,140,"10.83.153.66",445,6,3,3,"10.84.42.134"
"1495471129.000",356,216,140,"10.83.65.91",445,6,3,3,"10.84.42.134"
"1495470830.000",82,0,82,"186.214.252.94",445,1,0,1,"10.84.42.134"
"1495470829.000",82,0,82,"136.98.181.1",445,1,0,1,"10.84.42.134"
"1495470829.000",82,0,82,"136.98.182.1",445,1,0,1,"10.84.42.134"
"1495470829.000",2070,1154,916,"10.83.68.49",445,16,6,10,"10.84.42.134"
"1495470829.000",422,212,210,"10.83.68.49",445,7,3,4,"10.84.42.134"
"1495470827.000",82,0,82,"136.98.182.1",445,1,0,1,"10.84.42.134"
"1495470827.000",82,0,82,"136.98.182.1",445,1,0,1,"10.84.42.134"
"1495470827.000",82,0,82,"186.214.252.94",445,1,0,1,"10.84.42.134"
"1495470827.000",82,0,82,"136.98.181.1",445,1,0,1,"10.84.42.134"
"1495470827.000",82,0,82,"136.98.181.1",445,1,0,1,"10.84.42.134"
"1495470827.000",82,0,82,"186.214.252.94",445,1,0,1,"10.84.42.134"
"1495470827.000",82,0,82,"136.98.182.1",445,1,0,1,"10.84.42.134"
"1495470827.000",82,0,82,"186.214.252.94",445,1,0,1,"10.84.42.134"
"1495470827.000",82,0,82,"136.98.181.1",445,1,0,1,"10.84.42.134"
"1495470821.000",82,0,82,"186.214.252.94",445,1,0,1,"10.84.42.134"
"1495470821.000",82,0,82,"136.98.182.1",445,1,0,1,"10.84.42.134"
"1495470821.000",82,0,82,"136.98.181.1",445,1,0,1,"10.84.42.134"
"1495470706.000",286,146,140,"10.83.65.91",445,5,2,3,"10.83.84.205"
"1495470706.000",1986,1140,846,"10.83.65.91",445,15,6,9,"10.83.84.205"
"1495470696.000",356,216,140,"10.83.65.91",445,6,3,3,"10.84.42.134"
"1495470696.000",1976,1130,846,"10.83.153.66",445,15,6,9,"10.84.42.134"
"1495470694.000",282,142,140,"10.83.153.66",445,5,2,3,"10.84.42.134"
"1495470588.000",2070,1154,916,"10.83.68.49",445,16,6,10,"10.84.42.134"
"1495470588.000",2070,1154,916,"10.83.14.42",445,16,6,10,"10.84.42.134"
"1495470588.000",282,142,140,"10.83.14.42",445,5,2,3,"10.84.42.134"
"1495470587.000",2070,1154,916,"10.83.14.42",445,16,6,10,"10.84.42.134"
"1495470587.000",282,142,140,"10.83.14.42",445,5,2,3,"10.84.42.134"
"1495470587.000",422,212,210,"10.83.68.49",445,7,3,4,"10.84.42.134"
"1495470587.000",2070,1154,916,"10.83.14.42",445,16,6,10,"10.84.42.134"
"1495470587.000",282,142,140,"10.83.14.42",445,5,2,3,"10.84.42.134"
"1495470587.000",2070,1154,916,"10.83.68.49",445,16,6,10,"10.84.42.134"
"1495470586.000",422,212,210,"10.83.14.42",445,7,3,4,"10.84.42.134"
"1495470586.000",2070,1154,916,"10.83.14.42",445,16,6,10,"10.84.42.134"
"1495470586.000",422,212,210,"10.83.68.49",445,7,3,4,"10.84.42.134"
"1495470586.000",2070,1154,916,"10.83.68.49",445,16,6,10,"10.84.42.134"
"1495470584.000",82,0,82,"136.98.181.1",445,1,0,1,"10.84.42.134"
"1495470584.000",82,0,82,"136.98.182.1",445,1,0,1,"10.84.42.134"
"1495470582.000",5817,2585,3232,"10.11.195.10",445,23,10,13,"10.84.42.134"
"1495470582.000",7035,2342,4693,"10.11.168.10",445,25,11,14,"10.84.42.134"
"1495470522.000",6488,1823,4665,"10.11.168.10",445,23,9,14,"10.84.42.134"
"1495470281.000",422,212,210,"10.83.68.49",445,7,3,4,"10.84.42.134"
"1495470281.000",2070,1154,916,"10.83.68.49",445,16,6,10,"10.84.42.134"
"1495470281.000",282,142,140,"10.83.14.42",445,5,2,3,"10.84.42.134"
"1495470281.000",2070,1154,916,"10.83.14.42",445,16,6,10,"10.84.42.134"
"1495470279.000",2070,1154,916,"10.83.68.49",445,16,6,10,"10.84.42.134"
"1495470279.000",282,142,140,"10.83.68.49",445,5,2,3,"10.84.42.134"
"1495470277.000",282,142,140,"10.83.14.42",445,5,2,3,"10.84.42.134"
"1495470277.000",2070,1154,916,"10.83.14.42",445,16,6,10,"10.84.42.134"
"1495470277.000",2070,1154,916,"10.83.68.49",445,16,6,10,"10.84.42.134"
"1495470277.000",422,212,210,"10.83.68.49",445,7,3,4,"10.84.42.134"
"1495470277.000",2070,1154,916,"10.83.14.42",445,16,6,10,"10.84.42.134"
"1495470277.000",2070,1154,916,"10.83.14.42",445,16,6,10,"10.84.42.134"
"1495470277.000",2070,1154,916,"10.83.68.49",445,16,6,10,"10.84.42.134"
"1495470277.000",422,212,210,"10.83.68.49",445,7,3,4,"10.84.42.134"
"1495470277.000",422,212,210,"10.83.14.42",445,7,3,4,"10.84.42.134"
"1495470277.000",422,212,210,"10.83.14.42",445,7,3,4,"10.84.42.134"
"1495470275.000",2070,1154,916,"10.83.14.42",445,16,6,10,"10.84.42.134"
"1495470275.000",2070,1154,916,"10.83.68.49",445,16,6,10,"10.84.42.134"
"1495470275.000",422,212,210,"10.83.68.49",445,7,3,4,"10.84.42.134"
"1495470275.000",422,212,210,"10.83.14.42",445,7,3,4,"10.84.42.134"
"1495470272.000",82,0,82,"136.98.182.1",445,1,0,1,"10.84.42.134"
"1495470272.000",356,216,140,"10.83.65.91",445,6,3,3,"10.84.42.134"
"1495470272.000",82,0,82,"136.98.181.1",445,1,0,1,"10.84.42.134"
"1495470272.000",1986,1140,846,"10.83.65.91",445,15,6,9,"10.84.42.134"
"1495470269.000",82,0,82,"136.98.181.1",445,1,0,1,"10.84.42.134"
"1495470269.000",82,0,82,"136.98.182.1",445,1,0,1,"10.84.42.134"
"1495470267.000",82,0,82,"136.98.181.1",445,1,0,1,"10.84.42.134"
"1495470267.000",82,0,82,"136.98.182.1",445,1,0,1,"10.84.42.134"
"1495470267.000",82,0,82,"136.98.181.1",445,1,0,1,"10.84.42.134"
"1495470267.000",82,0,82,"136.98.182.1",445,1,0,1,"10.84.42.134"
"1495470265.000",82,0,82,"136.98.181.1",445,1,0,1,"10.84.42.134"
"1495470265.000",82,0,82,"136.98.182.1",445,1,0,1,"10.84.42.134"
"1495470258.000",247709,130587,117122,"10.11.168.10",445,908,448,460,"10.84.42.134"
"1495469344.000",1986,1140,846,"10.83.65.91",445,15,6,9,"10.84.42.134"
"1495469344.000",1986,1140,846,"10.83.65.91",445,15,6,9,"10.84.42.134"
"1495469344.000",356,216,140,"10.83.65.91",445,6,3,3,"10.84.42.134"
"1495469344.000",286,146,140,"10.83.65.91",445,5,2,3,"10.84.42.134"
"1495469172.000",356,216,140,"10.83.65.91",445,6,3,3,"10.84.42.134"
"1495469172.000",356,216,140,"10.83.65.91",445,6,3,3,"10.84.42.134"
"1495469165.000",356,216,140,"10.83.65.91",445,6,3,3,"10.84.42.134"
"1495469165.000",1986,1140,846,"10.83.65.91",445,15,6,9,"10.84.42.134"
"1495469161.000",138,78,60,"10.83.65.91",445,3,1,2,"10.84.42.134"
"1495468917.000",2070,1154,916,"10.83.68.49",445,16,6,10,"10.84.42.134"
"1495468917.000",422,212,210,"10.83.68.49",445,7,3,4,"10.84.42.134"
"1495468915.000",8137,2743,5394,"10.11.168.9",445,30,13,17,"10.84.42.134"
"1495468915.000",2070,1154,916,"10.83.14.42",445,16,6,10,"10.84.42.134"
"1495468908.000",2070,1154,916,"10.83.14.42",445,16,6,10,"10.84.42.134"
"1495468908.000",2070,1154,916,"10.83.68.49",445,16,6,10,"10.84.42.134"
"1495468908.000",282,142,140,"10.83.14.42",445,5,2,3,"10.84.42.134"
"1495468908.000",422,212,210,"10.83.68.49",445,7,3,4,"10.84.42.134"
"1495468908.000",422,212,210,"10.83.68.49",445,7,3,4,"10.84.42.134"
"1495468908.000",82,0,82,"136.98.182.1",445,1,0,1,"10.84.42.134"
"1495468908.000",2070,1154,916,"10.83.14.42",445,16,6,10,"10.84.42.134"
"1495468908.000",282,142,140,"10.83.14.42",445,5,2,3,"10.84.42.134"
"1495468908.000",2070,1154,916,"10.83.68.49",445,16,6,10,"10.84.42.134"
"1495468908.000",82,0,82,"136.98.181.1",445,1,0,1,"10.84.42.134"
"1495468906.000",282,142,140,"10.83.204.210",445,5,2,3,"10.83.84.205"
"1495468906.000",2004,1158,846,"10.83.204.210",445,15,6,9,"10.83.84.205"
"1495468906.000",2008,1162,846,"10.83.3.150",445,15,6,9,"10.83.84.205"
"1495468906.000",282,142,140,"10.83.3.150",445,5,2,3,"10.83.84.205"
"1495468906.000",1987,1141,846,"10.83.29.108",445,15,6,9,"10.83.84.205"
"1495468906.000",282,142,140,"10.83.29.108",445,5,2,3,"10.83.84.205"
"1495468904.000",2070,1154,916,"10.83.68.49",445,16,6,10,"10.84.42.134"
"1495468904.000",422,212,210,"10.83.68.49",445,7,3,4,"10.84.42.134"
"1495468904.000",422,212,210,"10.83.14.42",445,7,3,4,"10.84.42.134"
"1495468904.000",2070,1154,916,"10.83.14.42",445,16,6,10,"10.84.42.134"
"1495468901.000",356,216,140,"10.83.65.91",445,6,3,3,"10.84.42.134"
"1495468901.000",286,146,140,"10.83.65.91",445,5,2,3,"10.84.42.134"
"1495468901.000",1986,1140,846,"10.83.65.91",445,15,6,9,"10.84.42.134"
"1495468901.000",2124,1208,916,"10.83.65.91",445,17,7,10,"10.84.42.134"
"1495468899.000",82,0,82,"136.98.182.1",445,1,0,1,"10.84.42.134"
"1495468899.000",82,0,82,"136.98.181.1",445,1,0,1,"10.84.42.134"
"1495468540.000",2070,1154,916,"10.83.68.49",445,16,6,10,"10.84.42.134"
"1495468540.000",422,212,210,"10.83.68.49",445,7,3,4,"10.84.42.134"
"1495468540.000",2070,1154,916,"10.83.68.49",445,16,6,10,"10.84.42.134"
"1495468540.000",422,212,210,"10.83.68.49",445,7,3,4,"10.84.42.134"
"1495468537.000",422,212,210,"10.83.68.49",445,7,3,4,"10.84.42.134"
"1495468537.000",2070,1154,916,"10.83.68.49",445,16,6,10,"10.84.42.134"
"1495468530.000",82,0,82,"136.98.181.1",445,1,0,1,"10.84.42.134"
"1495468530.000",82,0,82,"136.98.181.1",445,1,0,1,"10.84.42.134"
"1495468530.000",82,0,82,"136.98.182.1",445,1,0,1,"10.84.42.134"
"1495468530.000",82,0,82,"136.98.182.1",445,1,0,1,"10.84.42.134"
"1495468529.000",422,212,210,"10.83.68.49",445,7,3,4,"10.84.42.134"
"1495468529.000",2070,1154,916,"10.83.68.49",445,16,6,10,"10.84.42.134"
"1495468528.000",82,0,82,"136.98.181.1",445,1,0,1,"10.84.42.134"
"1495468528.000",82,0,82,"136.98.182.1",445,1,0,1,"10.84.42.134"
"1495468015.000",7501,2353,5148,"10.11.168.9",445,26,11,15,"10.84.42.134"
"1495467796.000",2070,1154,916,"10.83.68.49",445,16,6,10,"10.84.42.134"
"1495467796.000",422,212,210,"10.83.68.49",445,7,3,4,"10.84.42.134"
"1495467795.000",2070,1154,916,"10.83.68.49",445,16,6,10,"10.84.42.134"
"1495467795.000",422,212,210,"10.83.68.49",445,7,3,4,"10.84.42.134"
"1495467795.000",2070,1154,916,"10.83.68.49",445,16,6,10,"10.84.42.134"
"1495467795.000",422,212,210,"10.83.68.49",445,7,3,4,"10.84.42.134"
"1495467496.000",1987,1141,846,"10.83.29.108",445,15,6,9,"10.83.84.244"
"1495467496.000",282,142,140,"10.83.29.108",445,5,2,3,"10.83.84.244"
"1495467496.000",2004,1158,846,"10.83.204.210",445,15,6,9,"10.83.84.244"
"1495467496.000",282,142,140,"10.83.204.210",445,5,2,3,"10.83.84.244"
"1495467487.000",352,212,140,"10.83.29.108",445,6,3,3,"10.84.42.134"
"1495467487.000",282,142,140,"10.83.3.150",445,5,2,3,"10.84.42.134"
"1495467484.000",282,142,140,"10.83.68.49",445,5,2,3,"10.84.42.134"
"1495467484.000",282,142,140,"10.83.68.49",445,5,2,3,"10.84.42.134"
"1495467484.000",2070,1154,916,"10.83.68.49",445,16,6,10,"10.84.42.134"
"1495467484.000",2070,1154,916,"10.83.68.49",445,16,6,10,"10.84.42.134"
"1495467483.000",422,212,210,"10.83.68.49",445,7,3,4,"10.84.42.134"
"1495467483.000",2070,1154,916,"10.83.68.49",445,16,6,10,"10.84.42.134"
"1495467482.000",2070,1154,916,"10.83.68.49",445,16,6,10,"10.84.42.134"
"1495467482.000",282,142,140,"10.83.68.49",445,5,2,3,"10.84.42.134"
"1495467482.000",422,212,210,"10.83.68.49",445,7,3,4,"10.84.42.134"
"1495467482.000",2070,1154,916,"10.83.68.49",445,16,6,10,"10.84.42.134"
"1495466635.000",422,212,210,"10.83.68.49",445,7,3,4,"10.84.42.134"
"1495466635.000",2070,1154,916,"10.83.68.49",445,16,6,10,"10.84.42.134"
"1495464446.000",2070,1154,916,"10.83.68.49",445,16,6,10,"10.84.42.134"
"1495464446.000",2070,1154,916,"10.83.68.49",445,16,6,10,"10.84.42.134"
"1495464445.000",422,212,210,"10.83.68.49",445,7,3,4,"10.84.42.134"
"1495464445.000",422,212,210,"10.83.68.49",445,7,3,4,"10.84.42.134"
"1495461714.000",7565,2417,5148,"10.11.168.9",445,27,12,15,"10.84.42.134"
"1495460814.000",7501,2353,5148,"10.11.168.9",445,26,11,15,"10.84.42.134"
"1495453614.000",7501,2353,5148,"10.11.168.9",445,26,11,15,"10.84.42.134"
"1495444613.000",7501,2353,5148,"10.11.168.9",445,26,11,15,"10.84.42.134"
"1495442814.000",7501,2353,5148,"10.11.168.9",445,26,11,15,"10.84.42.134"
"1495437413.000",7565,2353,5212,"10.11.168.9",445,27,11,16,"10.84.42.134"
"1495499258.000",492,0,492,"10.125.242.1",445,7,0,7,"10.84.42.134"
"1495499258.000",492,0,492,"136.98.100.1",445,7,0,7,"10.84.42.134"
"1495498950.000",492,0,492,"136.98.100.1",445,7,0,7,"10.84.42.134"
"1495498950.000",492,0,492,"10.125.242.1",445,7,0,7,"10.84.42.134"
"1495498950.000",492,0,492,"136.98.149.1",445,7,0,7,"10.84.42.134"
"1495498542.000",492,0,492,"136.98.100.1",445,7,0,7,"10.84.42.134"
"1495498542.000",492,0,492,"10.125.242.1",445,7,0,7,"10.84.42.134"
"1495498542.000",492,0,492,"136.98.149.1",445,7,0,7,"10.84.42.134"
"1495498538.000",410,0,410,"136.98.100.1",445,6,0,6,"10.84.42.134"
"1495498538.000",410,0,410,"136.98.149.1",445,6,0,6,"10.84.42.134"
"1495498538.000",6473,1823,4650,"10.11.168.10",445,22,9,13,"10.84.42.134"
"1495498538.000",410,0,410,"10.125.242.1",445,6,0,6,"10.84.42.134"
"1495498529.000",492,0,492,"136.98.149.1",445,7,0,7,"10.84.42.134"
"1495498529.000",492,0,492,"10.125.242.1",445,7,0,7,"10.84.42.134"
"1495498529.000",492,0,492,"136.98.100.1",445,7,0,7,"10.84.42.134"
"1495498502.000",13532,5997,7535,"10.11.168.10",445,78,30,48,"10.84.42.134"
"1495498497.000",492,0,492,"136.98.149.1",445,7,0,7,"10.84.42.134"
"1495498497.000",492,0,492,"10.125.242.1",445,7,0,7,"10.84.42.134"
"1495498497.000",492,0,492,"136.98.100.1",445,7,0,7,"10.84.42.134"
"1495498474.000",211515,112055,99460,"10.11.168.9",445,780,384,396,"10.84.42.134"
"1495498446.000",410,0,410,"10.125.242.1",445,6,0,6,"10.84.42.134"
"1495498446.000",410,0,410,"136.98.149.1",445,6,0,6,"10.84.42.134"
"1495498446.000",410,0,410,"136.98.100.1",445,6,0,6,"10.84.42.134"
"1495498416.000",492,0,492,"136.98.149.1",445,7,0,7,"10.84.42.134"
"1495498416.000",492,0,492,"10.125.242.1",445,7,0,7,"10.84.42.134"
"1495498416.000",492,0,492,"136.98.100.1",445,7,0,7,"10.84.42.134"
"1495498411.000",492,0,492,"10.125.242.1",445,7,0,7,"10.84.42.134"
"1495498411.000",492,0,492,"136.98.149.1",445,7,0,7,"10.84.42.134"
"1495498411.000",492,0,492,"136.98.100.1",445,7,0,7,"10.84.42.134"
"1495498317.000",282,142,140,"10.83.14.178",445,5,2,3,"10.84.42.134"
"1495498317.000",1968,1122,846,"10.83.14.178",445,15,6,9,"10.84.42.134"
"1495498303.000",492,0,492,"10.125.242.1",445,7,0,7,"10.84.42.134"
"1495498303.000",492,0,492,"136.98.100.1",445,7,0,7,"10.84.42.134"
"1495498303.000",492,0,492,"136.98.149.1",445,7,0,7,"10.84.42.134"
"1495498290.000",138,78,60,"10.83.14.178",445,3,1,2,"10.84.42.134"
"1495498281.000",492,0,492,"136.98.149.1",445,7,0,7,"10.84.42.134"
"1495498281.000",492,0,492,"10.125.242.1",445,7,0,7,"10.84.42.134"
"1495498281.000",492,0,492,"136.98.100.1",445,7,0,7,"10.84.42.134"
"1495498281.000",492,0,492,"10.125.242.1",445,7,0,7,"10.84.42.134"
"1495498281.000",492,0,492,"136.98.100.1",445,7,0,7,"10.84.42.134"
"1495498281.000",492,0,492,"136.98.149.1",445,7,0,7,"10.84.42.134"
"1495498274.000",7550,2417,5133,"10.11.168.10",445,28,12,16,"10.84.42.134"
"1495498266.000",1968,1122,846,"10.83.14.178",445,15,6,9,"10.84.42.134"
"1495498230.000",492,0,492,"136.98.149.1",445,7,0,7,"10.84.42.134"
"1495498230.000",492,0,492,"10.125.242.1",445,7,0,7,"10.84.42.134"
"1495498230.000",492,0,492,"136.98.100.1",445,7,0,7,"10.84.42.134"
"1495498152.000",492,0,492,"136.98.149.1",445,7,0,7,"10.84.42.134"
"1495498152.000",492,0,492,"136.98.100.1",445,7,0,7,"10.84.42.134"
"1495498152.000",492,0,492,"10.125.242.1",445,7,0,7,"10.84.42.134"
"1495498145.000",492,0,492,"136.98.149.1",445,7,0,7,"10.84.42.134"
"1495498145.000",492,0,492,"10.125.242.1",445,7,0,7,"10.84.42.134"
"1495498145.000",492,0,492,"136.98.100.1",445,7,0,7,"10.84.42.134"
"1495498144.000",492,0,492,"10.125.242.1",445,7,0,7,"10.84.42.134"
"1495498144.000",492,0,492,"136.98.149.1",445,7,0,7,"10.84.42.134"
"1495498144.000",492,0,492,"136.98.100.1",445,7,0,7,"10.84.42.134"
"1495498131.000",492,0,492,"10.125.242.1",445,7,0,7,"10.84.42.134"
"1495498131.000",492,0,492,"136.98.100.1",445,7,0,7,"10.84.42.134"
"1495498131.000",492,0,492,"136.98.149.1",445,7,0,7,"10.84.42.134"
"1495498110.000",492,0,492,"10.125.242.1",445,7,0,7,"10.84.42.134"
"1495498110.000",492,0,492,"136.98.100.1",445,7,0,7,"10.84.42.134"
"1495498110.000",492,0,492,"136.98.149.1",445,7,0,7,"10.84.42.134"
"1495498104.000",492,0,492,"136.98.149.1",445,7,0,7,"10.84.42.134"
"1495498104.000",492,0,492,"136.98.100.1",445,7,0,7,"10.84.42.134"
"1495498104.000",492,0,492,"10.125.242.1",445,7,0,7,"10.84.42.134"
"1495498020.000",492,0,492,"10.125.242.1",445,7,0,7,"10.84.42.134"
"1495498020.000",492,0,492,"136.98.149.1",445,7,0,7,"10.84.42.134"
"1495498011.000",492,0,492,"136.98.149.1",445,7,0,7,"10.84.42.134"
"1495498011.000",492,0,492,"136.98.100.1",445,7,0,7,"10.84.42.134"
"1495498011.000",492,0,492,"10.125.242.1",445,7,0,7,"10.84.42.134"
"1495497969.000",492,0,492,"136.98.100.1",445,7,0,7,"10.84.42.134"
"1495497969.000",492,0,492,"10.125.242.1",445,7,0,7,"10.84.42.134"
"1495497969.000",492,0,492,"136.98.149.1",445,7,0,7,"10.84.42.134"
"1495497968.000",492,0,492,"136.98.100.1",445,7,0,7,"10.84.42.134"
"1495497968.000",492,0,492,"10.125.242.1",445,7,0,7,"10.84.42.134"
"1495497968.000",492,0,492,"136.98.149.1",445,7,0,7,"10.84.42.134"
"1495497947.000",492,0,492,"136.98.100.1",445,7,0,7,"10.84.42.134"
"1495497947.000",492,0,492,"136.98.149.1",445,7,0,7,"10.84.42.134"
"1495497947.000",492,0,492,"10.125.242.1",445,7,0,7,"10.84.42.134"
"1495497888.000",164,0,164,"10.125.242.1",445,3,0,3,"10.84.42.134"
"1495497888.000",164,0,164,"136.98.100.1",445,3,0,3,"10.84.42.134"
"1495497888.000",164,0,164,"136.98.149.1",445,3,0,3,"10.84.42.134"
"1495497603.000",22122,12129,9993,"10.11.168.10",445,108,42,66,"10.84.42.134"
"1495497562.000",492,0,492,"10.125.242.1",445,7,0,7,"10.84.42.134"
"1495497562.000",492,0,492,"136.98.149.1",445,7,0,7,"10.84.42.134"
"1495497562.000",492,0,492,"136.98.100.1",445,7,0,7,"10.84.42.134"
"1495497561.000",164,0,164,"136.98.100.1",445,3,0,3,"10.84.42.134"
"1495497561.000",164,0,164,"136.98.149.1",445,3,0,3,"10.84.42.134"
"1495497561.000",164,0,164,"10.125.242.1",445,3,0,3,"10.84.42.134"
"1495497282.000",492,0,492,"136.98.100.1",445,7,0,7,"10.84.42.134"
"1495497280.000",492,0,492,"136.98.100.1",445,7,0,7,"10.84.42.134"
"1495497280.000",492,0,492,"10.125.242.1",445,7,0,7,"10.84.42.134"
"1495497273.000",7420,2347,5073,"10.11.168.10",445,26,11,15,"10.84.42.134"
"1495496847.000",492,0,492,"10.125.242.1",445,7,0,7,"10.84.42.134"
"1495496847.000",492,0,492,"136.98.100.1",445,7,0,7,"10.84.42.134"
"1495496839.000",492,0,492,"136.98.149.1",445,7,0,7,"10.84.42.134"
"1495496839.000",492,0,492,"10.125.242.1",445,7,0,7,"10.84.42.134"
"1495496839.000",492,0,492,"136.98.100.1",445,7,0,7,"10.84.42.134"
"1495496832.000",492,0,492,"136.98.100.1",445,7,0,7,"10.84.42.134"
"1495496832.000",492,0,492,"10.125.242.1",445,7,0,7,"10.84.42.134"
"1495496832.000",492,0,492,"136.98.149.1",445,7,0,7,"10.84.42.134"
"1495496827.000",492,0,492,"136.98.100.1",445,7,0,7,"10.84.42.134"
"1495496827.000",492,0,492,"10.125.242.1",445,7,0,7,"10.84.42.134"
"1495496827.000",492,0,492,"136.98.149.1",445,7,0,7,"10.84.42.134"
"1495496816.000",7501,2353,5148,"10.11.168.10",445,26,11,15,"10.84.42.134"
"1495496810.000",7485,2347,5138,"10.11.168.10",445,26,11,15,"10.84.42.134"
"1495496809.000",492,0,492,"136.98.100.1",445,7,0,7,"10.84.42.134"
"1495496809.000",492,0,492,"10.125.242.1",445,7,0,7,"10.84.42.134"
"1495496809.000",492,0,492,"136.98.149.1",445,7,0,7,"10.84.42.134"
"1495496252.000",492,0,492,"10.125.242.1",445,7,0,7,"10.84.42.134"
"1495496252.000",492,0,492,"136.98.149.1",445,7,0,7,"10.84.42.134"
"1495496252.000",492,0,492,"136.98.100.1",445,7,0,7,"10.84.42.134"
"1495496231.000",492,0,492,"136.98.100.1",445,7,0,7,"10.84.42.134"
"1495496231.000",492,0,492,"136.98.149.1",445,7,0,7,"10.84.42.134"
"1495496231.000",492,0,492,"10.125.242.1",445,7,0,7,"10.84.42.134"
"1495496082.000",492,0,492,"136.98.100.1",445,7,0,7,"10.84.42.134"
"1495495993.000",492,0,492,"136.98.149.1",445,7,0,7,"10.84.42.134"
"1495495993.000",492,0,492,"136.98.100.1",445,7,0,7,"10.84.42.134"
"1495495993.000",492,0,492,"10.125.242.1",445,7,0,7,"10.84.42.134"
"1495495983.000",492,0,492,"136.98.149.1",445,7,0,7,"10.84.42.134"
"1495495983.000",492,0,492,"136.98.100.1",445,7,0,7,"10.84.42.134"
"1495495983.000",492,0,492,"10.125.242.1",445,7,0,7,"10.84.42.134"
"1495495975.000",492,0,492,"136.98.100.1",445,7,0,7,"10.84.42.134"
"1495495975.000",492,0,492,"10.125.242.1",445,7,0,7,"10.84.42.134"
"1495495973.000",492,0,492,"136.98.149.1",445,7,0,7,"10.84.42.134"
"1495495973.000",492,0,492,"10.125.242.1",445,7,0,7,"10.84.42.134"
"1495495973.000",492,0,492,"136.98.100.1",445,7,0,7,"10.84.42.134"
"1495495951.000",492,0,492,"136.98.149.1",445,7,0,7,"10.84.42.134"
"1495495951.000",492,0,492,"136.98.100.1",445,7,0,7,"10.84.42.134"
"1495495951.000",492,0,492,"10.125.242.1",445,7,0,7,"10.84.42.134"
"1495495936.000",492,0,492,"10.125.242.1",445,7,0,7,"10.84.42.134"
"1495495936.000",492,0,492,"136.98.149.1",445,7,0,7,"10.84.42.134"
"1495495936.000",492,0,492,"136.98.100.1",445,7,0,7,"10.84.42.134"
"1495495829.000",492,0,492,"136.98.149.1",445,7,0,7,"10.84.42.134"
"1495495823.000",492,0,492,"136.98.149.1",445,7,0,7,"10.84.42.134"
"1495495823.000",492,0,492,"136.98.100.1",445,7,0,7,"10.84.42.134"
"1495495823.000",492,0,492,"10.125.242.1",445,7,0,7,"10.84.42.134"
"1495495781.000",574,0,574,"10.125.242.1",445,8,0,8,"10.84.42.134"
"1495495781.000",574,0,574,"136.98.149.1",445,8,0,8,"10.84.42.134"
"1495495781.000",574,0,574,"136.98.100.1",445,8,0,8,"10.84.42.134"
"1495495502.000",492,0,492,"136.98.100.1",445,7,0,7,"10.84.42.134"
"1495495502.000",492,0,492,"10.125.242.1",445,7,0,7,"10.84.42.134"
"1495495491.000",97886888,47436290,50450598,"10.11.168.9",445,431814,215765,216049,"10.84.42.134"
"1495495485.000",492,0,492,"10.125.242.1",445,7,0,7,"10.84.42.134"
"1495495485.000",492,0,492,"136.98.149.1",445,7,0,7,"10.84.42.134"
"1495495485.000",492,0,492,"136.98.100.1",445,7,0,7,"10.84.42.134"
"1495495455.000",492,0,492,"10.125.242.1",445,7,0,7,"10.84.42.134"
"1495495455.000",492,0,492,"136.98.100.1",445,7,0,7,"10.84.42.134"
"1495495455.000",492,0,492,"136.98.149.1",445,7,0,7,"10.84.42.134"
"1495495440.000",82,0,82,"136.98.149.1",445,1,0,1,"10.84.42.134"
"1495495440.000",82,0,82,"10.125.242.1",445,1,0,1,"10.84.42.134"
"1495495440.000",82,0,82,"136.98.100.1",445,1,0,1,"10.84.42.134"
"1495495383.000",492,0,492,"10.125.242.1",445,7,0,7,"10.84.42.134"
"1495495380.000",492,0,492,"136.98.149.1",445,7,0,7,"10.84.42.134"
"1495495380.000",492,0,492,"136.98.100.1",445,7,0,7,"10.84.42.134"
"1495495380.000",492,0,492,"10.125.242.1",445,7,0,7,"10.84.42.134"
"1495495362.000",492,0,492,"10.125.242.1",445,7,0,7,"10.84.42.134"
"1495495362.000",492,0,492,"136.98.149.1",445,7,0,7,"10.84.42.134"
"1495495306.000",492,0,492,"136.98.100.1",445,7,0,7,"10.84.42.134"
"1495495306.000",492,0,492,"136.98.149.1",445,7,0,7,"10.84.42.134"
"1495495292.000",492,0,492,"136.98.149.1",445,7,0,7,"10.84.42.134"
"1495495292.000",492,0,492,"136.98.100.1",445,7,0,7,"10.84.42.134"
"1495495287.000",492,0,492,"136.98.100.1",445,7,0,7,"10.84.42.134"
"1495495287.000",492,0,492,"10.125.242.1",445,7,0,7,"10.84.42.134"
"1495495287.000",492,0,492,"136.98.149.1",445,7,0,7,"10.84.42.134"
"1495495242.000",492,0,492,"136.98.100.1",445,7,0,7,"10.84.42.134"
"1495495242.000",492,0,492,"136.98.149.1",445,7,0,7,"10.84.42.134"
"1495495231.000",492,0,492,"10.125.242.1",445,7,0,7,"10.84.42.134"
"1495495231.000",492,0,492,"136.98.149.1",445,7,0,7,"10.84.42.134"
"1495495231.000",492,0,492,"136.98.100.1",445,7,0,7,"10.84.42.134"
"1495495231.000",492,0,492,"136.98.149.1",445,7,0,7,"10.84.42.134"
"1495495231.000",492,0,492,"10.125.242.1",445,7,0,7,"10.84.42.134"
"1495495171.000",492,0,492,"10.125.242.1",445,7,0,7,"10.84.42.134"
"1495495171.000",492,0,492,"136.98.149.1",445,7,0,7,"10.84.42.134"
"1495495171.000",492,0,492,"136.98.100.1",445,7,0,7,"10.84.42.134"
"1495495164.000",7502,2405,5097,"10.11.168.9",445,27,12,15,"10.84.42.134"
"1495495145.000",492,0,492,"136.98.149.1",445,7,0,7,"10.84.42.134"
"1495495145.000",492,0,492,"136.98.100.1",445,7,0,7,"10.84.42.134"
"1495495145.000",492,0,492,"10.125.242.1",445,7,0,7,"10.84.42.134"
"1495495142.000",492,0,492,"136.98.149.1",445,7,0,7,"10.84.42.134"
"1495495142.000",492,0,492,"10.125.242.1",445,7,0,7,"10.84.42.134"
"1495495141.000",492,0,492,"136.98.149.1",445,7,0,7,"10.84.42.134"
"1495495141.000",492,0,492,"136.98.100.1",445,7,0,7,"10.84.42.134"
"1495495112.000",7444,2347,5097,"10.11.168.9",445,26,11,15,"10.84.42.134"
"1495494991.000",492,0,492,"136.98.100.1",445,7,0,7,"10.84.42.134"
"1495494991.000",492,0,492,"10.125.242.1",445,7,0,7,"10.84.42.134"
"1495494991.000",492,0,492,"136.98.149.1",445,7,0,7,"10.84.42.134"
"1495494986.000",7505,2347,5158,"10.11.168.10",445,26,11,15,"10.84.42.134"
"1495494980.000",492,0,492,"10.125.242.1",445,7,0,7,"10.84.42.134"
"1495494980.000",492,0,492,"136.98.149.1",445,7,0,7,"10.84.42.134"
"1495494980.000",492,0,492,"136.98.100.1",445,7,0,7,"10.84.42.134"
"1495494971.000",492,0,492,"136.98.149.1",445,7,0,7,"10.84.42.134"
"1495494971.000",492,0,492,"10.125.242.1",445,7,0,7,"10.84.42.134"
"1495494967.000",492,0,492,"136.98.100.1",445,7,0,7,"10.84.42.134"
"1495494967.000",492,0,492,"10.125.242.1",445,7,0,7,"10.84.42.134"
"1495494967.000",492,0,492,"136.98.149.1",445,7,0,7,"10.84.42.134"
"1495499581.000",492,0,492,"136.98.100.1",445,7,0,7,"10.84.42.134"
"1495499581.000",492,0,492,"10.125.242.1",445,7,0,7,"10.84.42.134"
"1495499581.000",492,0,492,"136.98.149.1",445,7,0,7,"10.84.42.134"
"1495499524.000",492,0,492,"136.98.149.1",445,7,0,7,"10.84.42.134"
"1495499524.000",492,0,492,"10.125.242.1",445,7,0,7,"10.84.42.134"
"1495499524.000",492,0,492,"136.98.100.1",445,7,0,7,"10.84.42.134"
"1495499461.000",492,0,492,"136.98.149.1",445,7,0,7,"10.84.42.134"
"1495499461.000",492,0,492,"136.98.100.1",445,7,0,7,"10.84.42.134"
"1495499461.000",492,0,492,"10.125.242.1",445,7,0,7,"10.84.42.134"
"1495499090.000",492,0,492,"136.98.100.1",445,7,0,7,"10.84.42.134"
"1495499090.000",492,0,492,"10.125.242.1",445,7,0,7,"10.84.42.134"
"1495499090.000",492,0,492,"136.98.149.1",445,7,0,7,"10.84.42.134"
"1495498997.000",6573,1823,4750,"10.11.168.9",445,23,9,14,"10.84.42.134"
"1495498996.000",492,0,492,"10.125.242.1",445,7,0,7,"10.84.42.134"
"1495498996.000",492,0,492,"136.98.100.1",445,7,0,7,"10.84.42.134"
"1495498996.000",492,0,492,"136.98.149.1",445,7,0,7,"10.84.42.134"
"1495498372.000",352,212,140,"10.83.14.178",445,6,3,3,"10.84.42.134"
"1495498371.000",492,0,492,"10.125.242.1",445,7,0,7,"10.84.42.134"
"1495498371.000",492,0,492,"136.98.149.1",445,7,0,7,"10.84.42.134"
"1495498371.000",492,0,492,"136.98.100.1",445,7,0,7,"10.84.42.134"
"1495498369.000",492,0,492,"136.98.100.1",445,7,0,7,"10.84.42.134"
"1495498369.000",492,0,492,"10.125.242.1",445,7,0,7,"10.84.42.134"
"1495498361.000",492,0,492,"10.125.242.1",445,7,0,7,"10.84.42.134"
"1495498361.000",492,0,492,"136.98.100.1",445,7,0,7,"10.84.42.134"
"1495498361.000",492,0,492,"136.98.149.1",445,7,0,7,"10.84.42.134"
"1495498201.000",492,0,492,"136.98.149.1",445,7,0,7,"10.84.42.134"
"1495498201.000",492,0,492,"136.98.100.1",445,7,0,7,"10.84.42.134"
"1495498201.000",492,0,492,"10.125.242.1",445,7,0,7,"10.84.42.134"
"1495498181.000",492,0,492,"136.98.149.1",445,7,0,7,"10.84.42.134"
"1495498181.000",492,0,492,"10.125.242.1",445,7,0,7,"10.84.42.134"
"1495498181.000",492,0,492,"136.98.100.1",445,7,0,7,"10.84.42.134"
"1495498134.000",21617,9151,12466,"10.11.168.10",445,75,33,42,"10.84.42.134"
"1495497650.000",492,0,492,"10.125.242.1",445,7,0,7,"10.84.42.134"
"1495497650.000",492,0,492,"136.98.100.1",445,7,0,7,"10.84.42.134"
"1495497650.000",492,0,492,"136.98.149.1",445,7,0,7,"10.84.42.134"
"1495497649.000",492,0,492,"10.125.242.1",445,7,0,7,"10.84.42.134"
"1495497649.000",492,0,492,"136.98.100.1",445,7,0,7,"10.84.42.134"
"1495497649.000",492,0,492,"136.98.149.1",445,7,0,7,"10.84.42.134"
"1495497644.000",492,0,492,"136.98.149.1",445,7,0,7,"10.84.42.134"
"1495497644.000",492,0,492,"136.98.100.1",445,7,0,7,"10.84.42.134"
"1495497642.000",492,0,492,"10.125.242.1",445,7,0,7,"10.84.42.134"
"1495497642.000",492,0,492,"136.98.149.1",445,7,0,7,"10.84.42.134"
"1495497642.000",492,0,492,"136.98.100.1",445,7,0,7,"10.84.42.134"
"1495497641.000",492,0,492,"10.125.242.1",445,7,0,7,"10.84.42.134"
"1495497641.000",492,0,492,"136.98.149.1",445,7,0,7,"10.84.42.134"
"1495497641.000",492,0,492,"136.98.100.1",445,7,0,7,"10.84.42.134"
"1495497639.000",492,0,492,"136.98.149.1",445,7,0,7,"10.84.42.134"
"1495497639.000",492,0,492,"10.125.242.1",445,7,0,7,"10.84.42.134"
"1495497639.000",6533,1823,4710,"10.11.168.10",445,23,9,14,"10.84.42.134"
"1495497630.000",492,0,492,"10.125.242.1",445,7,0,7,"10.84.42.134"
"1495497630.000",492,0,492,"136.98.100.1",445,7,0,7,"10.84.42.134"
"1495497630.000",492,0,492,"136.98.149.1",445,7,0,7,"10.84.42.134"
"1495497628.000",492,0,492,"136.98.149.1",445,7,0,7,"10.84.42.134"
"1495497592.000",492,0,492,"10.125.242.1",445,7,0,7,"10.84.42.134"
"1495497476.000",492,0,492,"10.125.242.1",445,7,0,7,"10.84.42.134"
"1495497476.000",492,0,492,"136.98.149.1",445,7,0,7,"10.84.42.134"
"1495497476.000",492,0,492,"136.98.100.1",445,7,0,7,"10.84.42.134"
"1495497473.000",492,0,492,"136.98.100.1",445,7,0,7,"10.84.42.134"
"1495497473.000",492,0,492,"136.98.149.1",445,7,0,7,"10.84.42.134"
"1495497473.000",492,0,492,"10.125.242.1",445,7,0,7,"10.84.42.134"
"1495497471.000",492,0,492,"136.98.149.1",445,7,0,7,"10.84.42.134"
"1495497471.000",492,0,492,"10.125.242.1",445,7,0,7,"10.84.42.134"
"1495497469.000",492,0,492,"136.98.149.1",445,7,0,7,"10.84.42.134"
"1495497469.000",492,0,492,"136.98.100.1",445,7,0,7,"10.84.42.134"
"1495497469.000",492,0,492,"10.125.242.1",445,7,0,7,"10.84.42.134"
"1495497456.000",492,0,492,"136.98.100.1",445,7,0,7,"10.84.42.134"
"1495497456.000",492,0,492,"10.125.242.1",445,7,0,7,"10.84.42.134"
"1495497456.000",492,0,492,"136.98.149.1",445,7,0,7,"10.84.42.134"
"1495497433.000",492,0,492,"10.125.242.1",445,7,0,7,"10.84.42.134"
"1495497433.000",492,0,492,"10.125.242.1",445,7,0,7,"10.84.42.134"
"1495497433.000",492,0,492,"136.98.100.1",445,7,0,7,"10.84.42.134"
"1495497433.000",492,0,492,"136.98.149.1",445,7,0,7,"10.84.42.134"
"1495497433.000",492,0,492,"136.98.100.1",445,7,0,7,"10.84.42.134"
"1495497433.000",492,0,492,"136.98.149.1",445,7,0,7,"10.84.42.134"
"1495497424.000",492,0,492,"136.98.100.1",445,7,0,7,"10.84.42.134"
"1495497424.000",492,0,492,"136.98.149.1",445,7,0,7,"10.84.42.134"
"1495497424.000",492,0,492,"10.125.242.1",445,7,0,7,"10.84.42.134"
"1495497422.000",492,0,492,"136.98.100.1",445,7,0,7,"10.84.42.134"
"1495497422.000",492,0,492,"136.98.149.1",445,7,0,7,"10.84.42.134"
"1495497422.000",492,0,492,"10.125.242.1",445,7,0,7,"10.84.42.134"
"1495497420.000",492,0,492,"136.98.149.1",445,7,0,7,"10.84.42.134"
"1495497420.000",492,0,492,"10.125.242.1",445,7,0,7,"10.84.42.134"
"1495497420.000",492,0,492,"136.98.100.1",445,7,0,7,"10.84.42.134"
"1495497391.000",492,0,492,"136.98.100.1",445,7,0,7,"10.84.42.134"
"1495497391.000",492,0,492,"10.125.242.1",445,7,0,7,"10.84.42.134"
"1495497391.000",492,0,492,"136.98.149.1",445,7,0,7,"10.84.42.134"
"1495497391.000",492,0,492,"136.98.149.1",445,7,0,7,"10.84.42.134"
"1495497391.000",492,0,492,"136.98.100.1",445,7,0,7,"10.84.42.134"
"1495497390.000",492,0,492,"10.125.242.1",445,7,0,7,"10.84.42.134"
"1495497390.000",492,0,492,"136.98.149.1",445,7,0,7,"10.84.42.134"
"1495497390.000",492,0,492,"136.98.100.1",445,7,0,7,"10.84.42.134"
"1495497386.000",492,0,492,"10.125.242.1",445,7,0,7,"10.84.42.134"
"1495497376.000",492,0,492,"136.98.100.1",445,7,0,7,"10.84.42.134"
"1495497376.000",492,0,492,"136.98.149.1",445,7,0,7,"10.84.42.134"
"1495497376.000",492,0,492,"10.125.242.1",445,7,0,7,"10.84.42.134"
"1495497253.000",492,0,492,"136.98.149.1",445,7,0,7,"10.84.42.134"
"1495497253.000",492,0,492,"10.125.242.1",445,7,0,7,"10.84.42.134"
"1495497253.000",492,0,492,"136.98.100.1",445,7,0,7,"10.84.42.134"
"1495497249.000",492,0,492,"136.98.100.1",445,7,0,7,"10.84.42.134"
"1495497249.000",492,0,492,"136.98.149.1",445,7,0,7,"10.84.42.134"
"1495497249.000",492,0,492,"10.125.242.1",445,7,0,7,"10.84.42.134"
"1495497237.000",492,0,492,"136.98.149.1",445,7,0,7,"10.84.42.134"
"1495497237.000",492,0,492,"136.98.100.1",445,7,0,7,"10.84.42.134"
"1495497237.000",492,0,492,"10.125.242.1",445,7,0,7,"10.84.42.134"
"1495497237.000",492,0,492,"136.98.100.1",445,7,0,7,"10.84.42.134"
"1495497237.000",492,0,492,"10.125.242.1",445,7,0,7,"10.84.42.134"
"1495497237.000",492,0,492,"136.98.149.1",445,7,0,7,"10.84.42.134"
"1495497237.000",492,0,492,"136.98.149.1",445,7,0,7,"10.84.42.134"
"1495497237.000",492,0,492,"10.125.242.1",445,7,0,7,"10.84.42.134"
"1495497237.000",492,0,492,"136.98.100.1",445,7,0,7,"10.84.42.134"
"1495497235.000",492,0,492,"136.98.149.1",445,7,0,7,"10.84.42.134"
"1495497235.000",492,0,492,"136.98.100.1",445,7,0,7,"10.84.42.134"
"1495497235.000",492,0,492,"10.125.242.1",445,7,0,7,"10.84.42.134"
"1495497200.000",492,0,492,"10.125.242.1",445,7,0,7,"10.84.42.134"
"1495497200.000",492,0,492,"136.98.149.1",445,7,0,7,"10.84.42.134"
"1495497200.000",492,0,492,"136.98.100.1",445,7,0,7,"10.84.42.134"
"1495497199.000",492,0,492,"136.98.149.1",445,7,0,7,"10.84.42.134"
"1495497199.000",492,0,492,"136.98.100.1",445,7,0,7,"10.84.42.134"
"1495497199.000",492,0,492,"10.125.242.1",445,7,0,7,"10.84.42.134"
"1495497197.000",6573,1823,4750,"10.11.168.9",445,23,9,14,"10.84.42.134"
"1495497194.000",492,0,492,"136.98.149.1",445,7,0,7,"10.84.42.134"
"1495497194.000",492,0,492,"136.98.100.1",445,7,0,7,"10.84.42.134"
"1495497194.000",492,0,492,"10.125.242.1",445,7,0,7,"10.84.42.134"
"1495497194.000",492,0,492,"10.125.242.1",445,7,0,7,"10.84.42.134"
"1495497194.000",492,0,492,"136.98.100.1",445,7,0,7,"10.84.42.134"
"1495497194.000",492,0,492,"136.98.149.1",445,7,0,7,"10.84.42.134"
"1495497194.000",492,0,492,"136.98.100.1",445,7,0,7,"10.84.42.134"
"1495497194.000",492,0,492,"136.98.149.1",445,7,0,7,"10.84.42.134"
"1495497194.000",492,0,492,"10.125.242.1",445,7,0,7,"10.84.42.134"
"1495497191.000",492,0,492,"136.98.100.1",445,7,0,7,"10.84.42.134"
"1495497191.000",492,0,492,"136.98.149.1",445,7,0,7,"10.84.42.134"
"1495497191.000",492,0,492,"10.125.242.1",445,7,0,7,"10.84.42.134"
"1495497020.000",492,0,492,"10.125.242.1",445,7,0,7,"10.84.42.134"
"1495497020.000",492,0,492,"136.98.149.1",445,7,0,7,"10.84.42.134"
"1495497020.000",492,0,492,"136.98.100.1",445,7,0,7,"10.84.42.134"
"1495497019.000",492,0,492,"10.125.242.1",445,7,0,7,"10.84.42.134"
"1495497019.000",492,0,492,"10.125.242.1",445,7,0,7,"10.84.42.134"
"1495497019.000",492,0,492,"136.98.149.1",445,7,0,7,"10.84.42.134"
"1495497019.000",492,0,492,"136.98.149.1",445,7,0,7,"10.84.42.134"
"1495497019.000",492,0,492,"136.98.100.1",445,7,0,7,"10.84.42.134"
"1495497019.000",492,0,492,"136.98.100.1",445,7,0,7,"10.84.42.134"
"1495496994.000",6804,1999,4805,"10.11.168.9",445,28,12,16,"10.84.42.134"
"1495496994.000",6716,1941,4775,"10.11.168.10",445,27,11,16,"10.84.42.134"
"1495496975.000",492,0,492,"136.98.100.1",445,7,0,7,"10.84.42.134"
"1495496975.000",492,0,492,"136.98.100.1",445,7,0,7,"10.84.42.134"
"1495496975.000",492,0,492,"136.98.149.1",445,7,0,7,"10.84.42.134"
"1495496975.000",492,0,492,"136.98.100.1",445,7,0,7,"10.84.42.134"
"1495496975.000",492,0,492,"10.125.242.1",445,7,0,7,"10.84.42.134"
"1495496972.000",492,0,492,"136.98.149.1",445,7,0,7,"10.84.42.134"
"1495496972.000",492,0,492,"136.98.100.1",445,7,0,7,"10.84.42.134"
"1495496972.000",492,0,492,"10.125.242.1",445,7,0,7,"10.84.42.134"
"1495496972.000",492,0,492,"136.98.149.1",445,7,0,7,"10.84.42.134"
"1495496972.000",492,0,492,"10.125.242.1",445,7,0,7,"10.84.42.134"
"1495496972.000",492,0,492,"136.98.100.1",445,7,0,7,"10.84.42.134"
"1495496968.000",7480,2347,5133,"10.11.168.9",445,27,11,16,"10.84.42.134"
"1495496899.000",492,0,492,"136.98.100.1",445,7,0,7,"10.84.42.134"
"1495496899.000",492,0,492,"136.98.149.1",445,7,0,7,"10.84.42.134"
"1495496899.000",492,0,492,"136.98.100.1",445,7,0,7,"10.84.42.134"
"1495496899.000",492,0,492,"10.125.242.1",445,7,0,7,"10.84.42.134"
"1495496899.000",492,0,492,"10.125.242.1",445,7,0,7,"10.84.42.134"
"1495496899.000",492,0,492,"136.98.149.1",445,7,0,7,"10.84.42.134"
"1495496899.000",492,0,492,"10.125.242.1",445,7,0,7,"10.84.42.134"
"1495496899.000",492,0,492,"136.98.100.1",445,7,0,7,"10.84.42.134"
"1495496899.000",492,0,492,"136.98.149.1",445,7,0,7,"10.84.42.134"
"1495496871.000",492,0,492,"136.98.100.1",445,7,0,7,"10.84.42.134"
"1495496871.000",492,0,492,"10.125.242.1",445,7,0,7,"10.84.42.134"
"1495496871.000",492,0,492,"136.98.149.1",445,7,0,7,"10.84.42.134"
"1495496867.000",492,0,492,"136.98.149.1",445,7,0,7,"10.84.42.134"
"1495496799.000",492,0,492,"136.98.149.1",445,7,0,7,"10.84.42.134"
"1495496799.000",492,0,492,"136.98.100.1",445,7,0,7,"10.84.42.134"
"1495496786.000",7505,2347,5158,"10.11.168.10",445,26,11,15,"10.84.42.134"
"1495496782.000",492,0,492,"136.98.149.1",445,7,0,7,"10.84.42.134"
"1495496782.000",492,0,492,"10.125.242.1",445,7,0,7,"10.84.42.134"
"1495496782.000",492,0,492,"136.98.100.1",445,7,0,7,"10.84.42.134"
"1495496766.000",492,0,492,"136.98.149.1",445,7,0,7,"10.84.42.134"
"1495496766.000",492,0,492,"10.125.242.1",445,7,0,7,"10.84.42.134"
"1495496766.000",492,0,492,"136.98.100.1",445,7,0,7,"10.84.42.134"
"1495496703.000",492,0,492,"10.125.242.1",445,7,0,7,"10.84.42.134"
"1495496703.000",492,0,492,"136.98.149.1",445,7,0,7,"10.84.42.134"
"1495496703.000",492,0,492,"136.98.100.1",445,7,0,7,"10.84.42.134"
"1495496623.000",492,0,492,"136.98.149.1",445,7,0,7,"10.84.42.134"
"1495496623.000",492,0,492,"136.98.100.1",445,7,0,7,"10.84.42.134"
"1495496610.000",492,0,492,"136.98.149.1",445,7,0,7,"10.84.42.134"
"1495496610.000",492,0,492,"10.125.242.1",445,7,0,7,"10.84.42.134"
"1495496610.000",492,0,492,"136.98.100.1",445,7,0,7,"10.84.42.134"
"1495496068.000",7478,2405,5073,"10.11.168.9",445,27,12,15,"10.84.42.134"
"1495496042.000",16642,7438,9204,"10.11.168.180",445,84,39,45,"10.84.42.134"
"1495496039.000",492,0,492,"136.98.100.1",445,7,0,7,"10.84.42.134"
"1495496039.000",492,0,492,"136.98.149.1",445,7,0,7,"10.84.42.134"
"1495496039.000",492,0,492,"10.125.242.1",445,7,0,7,"10.84.42.134"
"1495495554.000",492,0,492,"136.98.100.1",445,7,0,7,"10.84.42.134"
"1495495551.000",492,0,492,"136.98.100.1",445,7,0,7,"10.84.42.134"
"1495495551.000",492,0,492,"10.125.242.1",445,7,0,7,"10.84.42.134"
"1495495551.000",492,0,492,"136.98.149.1",445,7,0,7,"10.84.42.134"
"1495495528.000",492,0,492,"136.98.100.1",445,7,0,7,"10.84.42.134"
"1495495528.000",492,0,492,"10.125.242.1",445,7,0,7,"10.84.42.134"
"1495495528.000",492,0,492,"136.98.149.1",445,7,0,7,"10.84.42.134"
"1495495520.000",492,0,492,"136.98.149.1",445,7,0,7,"10.84.42.134"
"1495495520.000",492,0,492,"136.98.100.1",445,7,0,7,"10.84.42.134"
"1495495520.000",492,0,492,"10.125.242.1",445,7,0,7,"10.84.42.134"
"1495495516.000",410,0,410,"136.98.100.1",445,6,0,6,"10.84.42.134"
"1495495516.000",410,0,410,"136.98.149.1",445,6,0,6,"10.84.42.134"
"1495495516.000",410,0,410,"10.125.242.1",445,6,0,6,"10.84.42.134"
"1495495094.000",492,0,492,"136.98.100.1",445,7,0,7,"10.84.42.134"
"1495495094.000",492,0,492,"10.125.242.1",445,7,0,7,"10.84.42.134"
"1495495094.000",492,0,492,"136.98.149.1",445,7,0,7,"10.84.42.134"
"1495495078.000",37237,9513,27724,"10.11.168.9",445,104,46,58,"10.84.42.134"
"1495495057.000",492,0,492,"136.98.149.1",445,7,0,7,"10.84.42.134"
"1495495057.000",492,0,492,"10.125.242.1",445,7,0,7,"10.84.42.134"
"1495495057.000",492,0,492,"136.98.100.1",445,7,0,7,"10.84.42.134"
"1495494898.000",492,0,492,"10.125.242.1",445,7,0,7,"10.84.42.134"
"1495494898.000",492,0,492,"136.98.149.1",445,7,0,7,"10.84.42.134"
"1495494898.000",492,0,492,"136.98.100.1",445,7,0,7,"10.84.42.134"
"1495494893.000",492,0,492,"10.125.242.1",445,7,0,7,"10.84.42.134"
"1495494893.000",492,0,492,"136.98.149.1",445,7,0,7,"10.84.42.134"
"1495494893.000",492,0,492,"136.98.100.1",445,7,0,7,"10.84.42.134"
"1495494880.000",492,0,492,"10.125.242.1",445,7,0,7,"10.84.42.134"
"1495494880.000",492,0,492,"136.98.149.1",445,7,0,7,"10.84.42.134"
"1495494880.000",492,0,492,"136.98.100.1",445,7,0,7,"10.84.42.134"
"1495494878.000",492,0,492,"136.98.149.1",445,7,0,7,"10.84.42.134"
"1495494878.000",492,0,492,"136.98.100.1",445,7,0,7,"10.84.42.134"
"1495494876.000",492,0,492,"10.125.242.1",445,7,0,7,"10.84.42.134"
"1495494876.000",492,0,492,"136.98.149.1",445,7,0,7,"10.84.42.134"
"1495494874.000",492,0,492,"136.98.149.1",445,7,0,7,"10.84.42.134"
"1495494874.000",492,0,492,"136.98.100.1",445,7,0,7,"10.84.42.134"
"1495494874.000",492,0,492,"10.125.242.1",445,7,0,7,"10.84.42.134"
"1495494872.000",2388,1472,916,"10.83.68.36",445,17,7,10,"10.84.42.134"
"1495494871.000",282,142,140,"10.83.68.36",445,5,2,3,"10.84.42.134"
"1495494857.000",492,0,492,"136.98.149.1",445,7,0,7,"10.84.42.134"
"1495494857.000",492,0,492,"136.98.100.1",445,7,0,7,"10.84.42.134"
"1495494857.000",492,0,492,"10.125.242.1",445,7,0,7,"10.84.42.134"
"1495494856.000",492,0,492,"136.98.149.1",445,7,0,7,"10.84.42.134"
"1495494856.000",492,0,492,"136.98.100.1",445,7,0,7,"10.84.42.134"
"1495494856.000",492,0,492,"10.125.242.1",445,7,0,7,"10.84.42.134"
"1495494846.000",246,0,246,"10.125.242.1",445,4,0,4,"10.84.42.134"
"1495494846.000",246,0,246,"136.98.100.1",445,4,0,4,"10.84.42.134"
"1495494846.000",246,0,246,"136.98.149.1",445,4,0,4,"10.84.42.134"
"1495494839.000",492,0,492,"10.125.242.1",445,7,0,7,"10.84.42.134"
"1495494839.000",492,0,492,"136.98.149.1",445,7,0,7,"10.84.42.134"
"1495494839.000",492,0,492,"136.98.100.1",445,7,0,7,"10.84.42.134"
"1495499042.000",492,0,492,"10.125.242.1",445,7,0,7,"10.84.42.134"
"1495499042.000",492,0,492,"136.98.149.1",445,7,0,7,"10.84.42.134"
"1495499042.000",492,0,492,"136.98.100.1",445,7,0,7,"10.84.42.134"
"1495498819.000",492,0,492,"10.125.242.1",445,7,0,7,"10.84.42.134"
"1495498819.000",492,0,492,"136.98.100.1",445,7,0,7,"10.84.42.134"
"1495498814.000",2102,1186,916,"10.83.14.178",445,17,7,10,"10.84.42.134"
"1495498811.000",2102,1186,916,"10.83.14.178",445,17,7,10,"10.84.42.134"
"1495498810.000",282,142,140,"10.83.14.178",445,5,2,3,"10.84.42.134"
"1495498797.000",492,0,492,"136.98.100.1",445,7,0,7,"10.84.42.134"
"1495498797.000",492,0,492,"10.125.242.1",445,7,0,7,"10.84.42.134"
"1495498797.000",492,0,492,"136.98.149.1",445,7,0,7,"10.84.42.134"
"1495498795.000",492,0,492,"10.125.242.1",445,7,0,7,"10.84.42.134"
"1495498795.000",492,0,492,"136.98.100.1",445,7,0,7,"10.84.42.134"
"1495498795.000",492,0,492,"136.98.149.1",445,7,0,7,"10.84.42.134"
"1495498720.000",492,0,492,"136.98.100.1",445,7,0,7,"10.84.42.134"
"1495498720.000",492,0,492,"136.98.149.1",445,7,0,7,"10.84.42.134"
"1495498720.000",492,0,492,"10.125.242.1",445,7,0,7,"10.84.42.134"
"1495498712.000",7444,2347,5097,"10.11.168.9",445,26,11,15,"10.84.42.134"
"1495498394.000",492,0,492,"136.98.149.1",445,7,0,7,"10.84.42.134"
"1495498394.000",492,0,492,"10.125.242.1",445,7,0,7,"10.84.42.134"
"1495498394.000",492,0,492,"136.98.100.1",445,7,0,7,"10.84.42.134"
"1495498374.000",492,0,492,"10.125.242.1",445,7,0,7,"10.84.42.134"
"1495498374.000",492,0,492,"136.98.149.1",445,7,0,7,"10.84.42.134"
"1495498374.000",492,0,492,"136.98.100.1",445,7,0,7,"10.84.42.134"
"1495498097.000",6573,1823,4750,"10.11.168.9",445,23,9,14,"10.84.42.134"
"1495498084.000",492,0,492,"136.98.100.1",445,7,0,7,"10.84.42.134"
"1495498084.000",492,0,492,"10.125.242.1",445,7,0,7,"10.84.42.134"
"1495498084.000",492,0,492,"136.98.149.1",445,7,0,7,"10.84.42.134"
"1495498057.000",492,0,492,"10.125.242.1",445,7,0,7,"10.84.42.134"
"1495498057.000",492,0,492,"136.98.100.1",445,7,0,7,"10.84.42.134"
"1495498057.000",492,0,492,"136.98.149.1",445,7,0,7,"10.84.42.134"
"1495497923.000",492,0,492,"10.125.242.1",445,7,0,7,"10.84.42.134"
"1495497923.000",492,0,492,"136.98.149.1",445,7,0,7,"10.84.42.134"
"1495497923.000",492,0,492,"136.98.100.1",445,7,0,7,"10.84.42.134"
"1495497919.000",492,0,492,"136.98.149.1",445,7,0,7,"10.84.42.134"
"1495497919.000",492,0,492,"136.98.100.1",445,7,0,7,"10.84.42.134"
"1495497919.000",492,0,492,"10.125.242.1",445,7,0,7,"10.84.42.134"
"1495497903.000",492,0,492,"10.125.242.1",445,7,0,7,"10.84.42.134"
"1495497788.000",492,0,492,"136.98.100.1",445,7,0,7,"10.84.42.134"
"1495497788.000",492,0,492,"10.125.242.1",445,7,0,7,"10.84.42.134"
"1495497788.000",492,0,492,"136.98.149.1",445,7,0,7,"10.84.42.134"
"1495497775.000",492,0,492,"136.98.149.1",445,7,0,7,"10.84.42.134"
"1495497775.000",492,0,492,"10.125.242.1",445,7,0,7,"10.84.42.134"
"1495497775.000",492,0,492,"136.98.100.1",445,7,0,7,"10.84.42.134"
"1495497761.000",492,0,492,"10.125.242.1",445,7,0,7,"10.84.42.134"
"1495497761.000",492,0,492,"136.98.100.1",445,7,0,7,"10.84.42.134"
"1495497761.000",492,0,492,"136.98.149.1",445,7,0,7,"10.84.42.134"
"1495497737.000",492,0,492,"10.125.242.1",445,7,0,7,"10.84.42.134"
"1495497737.000",492,0,492,"136.98.149.1",445,7,0,7,"10.84.42.134"
"1495497737.000",492,0,492,"136.98.100.1",445,7,0,7,"10.84.42.134"
"1495497732.000",492,0,492,"136.98.100.1",445,7,0,7,"10.84.42.134"
"1495497732.000",492,0,492,"136.98.149.1",445,7,0,7,"10.84.42.134"
"1495497732.000",492,0,492,"10.125.242.1",445,7,0,7,"10.84.42.134"
"1495497722.000",492,0,492,"136.98.149.1",445,7,0,7,"10.84.42.134"
"1495497722.000",492,0,492,"10.125.242.1",445,7,0,7,"10.84.42.134"
"1495497722.000",492,0,492,"136.98.100.1",445,7,0,7,"10.84.42.134"
"1495497719.000",492,0,492,"10.125.242.1",445,7,0,7,"10.84.42.134"
"1495497719.000",492,0,492,"136.98.149.1",445,7,0,7,"10.84.42.134"
"1495497719.000",492,0,492,"136.98.100.1",445,7,0,7,"10.84.42.134"
"1495497717.000",492,0,492,"136.98.149.1",445,7,0,7,"10.84.42.134"
"1495497717.000",492,0,492,"136.98.100.1",445,7,0,7,"10.84.42.134"
"1495497717.000",492,0,492,"10.125.242.1",445,7,0,7,"10.84.42.134"
"1495497716.000",7501,2353,5148,"10.11.168.10",445,26,11,15,"10.84.42.134"
"1495497710.000",7543,2405,5138,"10.11.168.10",445,27,12,15,"10.84.42.134"
"1495497707.000",492,0,492,"136.98.100.1",445,7,0,7,"10.84.42.134"
"1495497707.000",492,0,492,"136.98.149.1",445,7,0,7,"10.84.42.134"
"1495497707.000",492,0,492,"10.125.242.1",445,7,0,7,"10.84.42.134"
"1495497692.000",492,0,492,"136.98.100.1",445,7,0,7,"10.84.42.134"
"1495497692.000",492,0,492,"10.125.242.1",445,7,0,7,"10.84.42.134"
"1495497688.000",492,0,492,"10.125.242.1",445,7,0,7,"10.84.42.134"
"1495497688.000",492,0,492,"136.98.149.1",445,7,0,7,"10.84.42.134"
"1495497688.000",492,0,492,"136.98.100.1",445,7,0,7,"10.84.42.134"
"1495497686.000",82,0,82,"136.98.149.1",445,2,0,2,"10.84.42.134"
"1495497686.000",7505,2347,5158,"10.11.168.10",445,26,11,15,"10.84.42.134"
"1495497686.000",82,0,82,"136.98.100.1",445,2,0,2,"10.84.42.134"
"1495497686.000",82,0,82,"10.125.242.1",445,2,0,2,"10.84.42.134"
"1495497673.000",492,0,492,"136.98.100.1",445,7,0,7,"10.84.42.134"
"1495497673.000",492,0,492,"10.125.242.1",445,7,0,7,"10.84.42.134"
"1495497673.000",492,0,492,"136.98.149.1",445,7,0,7,"10.84.42.134"
"1495497666.000",6488,1823,4665,"10.11.168.9",445,23,9,14,"10.84.42.134"
"1495497168.000",574,0,574,"136.98.149.1",445,8,0,8,"10.84.42.134"
"1495497168.000",574,0,574,"136.98.100.1",445,8,0,8,"10.84.42.134"
"1495497168.000",574,0,574,"10.125.242.1",445,8,0,8,"10.84.42.134"
"1495497167.000",6447,1823,4624,"10.11.168.10",445,23,9,14,"10.84.42.134"
"1495497151.000",492,0,492,"136.98.100.1",445,7,0,7,"10.84.42.134"
"1495497151.000",492,0,492,"10.125.242.1",445,7,0,7,"10.84.42.134"
"1495497151.000",492,0,492,"136.98.149.1",445,7,0,7,"10.84.42.134"
"1495497151.000",492,0,492,"10.125.242.1",445,7,0,7,"10.84.42.134"
"1495497151.000",492,0,492,"136.98.100.1",445,7,0,7,"10.84.42.134"
"1495497151.000",492,0,492,"136.98.149.1",445,7,0,7,"10.84.42.134"
"1495497151.000",492,0,492,"136.98.100.1",445,7,0,7,"10.84.42.134"
"1495497151.000",492,0,492,"10.125.242.1",445,7,0,7,"10.84.42.134"
"1495497151.000",492,0,492,"136.98.100.1",445,7,0,7,"10.84.42.134"
"1495497151.000",492,0,492,"136.98.149.1",445,7,0,7,"10.84.42.134"
"1495497151.000",492,0,492,"136.98.149.1",445,7,0,7,"10.84.42.134"
"1495497151.000",492,0,492,"10.125.242.1",445,7,0,7,"10.84.42.134"
"1495497150.000",492,0,492,"10.125.242.1",445,7,0,7,"10.84.42.134"
"1495497150.000",492,0,492,"136.98.100.1",445,7,0,7,"10.84.42.134"
"1495497150.000",492,0,492,"136.98.149.1",445,7,0,7,"10.84.42.134"
"1495497149.000",492,0,492,"136.98.149.1",445,7,0,7,"10.84.42.134"
"1495497149.000",492,0,492,"10.125.242.1",445,7,0,7,"10.84.42.134"
"1495497149.000",492,0,492,"136.98.100.1",445,7,0,7,"10.84.42.134"
"1495497102.000",492,0,492,"10.125.242.1",445,7,0,7,"10.84.42.134"
"1495497102.000",492,0,492,"136.98.149.1",445,7,0,7,"10.84.42.134"
"1495497102.000",492,0,492,"10.125.242.1",445,7,0,7,"10.84.42.134"
"1495497102.000",492,0,492,"136.98.149.1",445,7,0,7,"10.84.42.134"
"1495497102.000",492,0,492,"10.125.242.1",445,7,0,7,"10.84.42.134"
"1495497102.000",492,0,492,"136.98.100.1",445,7,0,7,"10.84.42.134"
"1495497102.000",492,0,492,"136.98.100.1",445,7,0,7,"10.84.42.134"
"1495497102.000",492,0,492,"136.98.100.1",445,7,0,7,"10.84.42.134"
"1495497102.000",492,0,492,"136.98.149.1",445,7,0,7,"10.84.42.134"
"1495496912.000",7444,2347,5097,"10.11.168.9",445,26,11,15,"10.84.42.134"
"1495496907.000",492,0,492,"136.98.149.1",445,7,0,7,"10.84.42.134"
"1495496907.000",492,0,492,"10.125.242.1",445,7,0,7,"10.84.42.134"
"1495496907.000",492,0,492,"136.98.100.1",445,7,0,7,"10.84.42.134"
"1495496599.000",492,0,492,"136.98.149.1",445,7,0,7,"10.84.42.134"
"1495496599.000",492,0,492,"10.125.242.1",445,7,0,7,"10.84.42.134"
"1495496599.000",492,0,492,"136.98.100.1",445,7,0,7,"10.84.42.134"
"1495496582.000",492,0,492,"10.125.242.1",445,7,0,7,"10.84.42.134"
"1495496582.000",492,0,492,"136.98.100.1",445,7,0,7,"10.84.42.134"
"1495496582.000",492,0,492,"136.98.149.1",445,7,0,7,"10.84.42.134"
"1495496563.000",492,0,492,"136.98.149.1",445,7,0,7,"10.84.42.134"
"1495496563.000",492,0,492,"136.98.100.1",445,7,0,7,"10.84.42.134"
"1495496563.000",492,0,492,"10.125.242.1",445,7,0,7,"10.84.42.134"
"1495496549.000",16899,7445,9454,"10.11.168.180",445,79,37,42,"10.84.42.134"
"1495496549.000",8044,2701,5343,"10.11.168.10",445,29,12,17,"10.84.42.134"
"1495496535.000",492,0,492,"10.125.242.1",445,7,0,7,"10.84.42.134"
"1495496535.000",492,0,492,"136.98.100.1",445,7,0,7,"10.84.42.134"
"1495496535.000",492,0,492,"136.98.149.1",445,7,0,7,"10.84.42.134"
"1495496497.000",35171840,16926932,18244908,"10.11.168.3",445,156955,78435,78520,"10.84.42.134"
"1495496297.000",6573,1823,4750,"10.11.168.9",445,23,9,14,"10.84.42.134"
"1495496032.000",492,0,492,"136.98.100.1",445,7,0,7,"10.84.42.134"
"1495496032.000",492,0,492,"10.125.242.1",445,7,0,7,"10.84.42.134"
"1495496032.000",492,0,492,"136.98.149.1",445,7,0,7,"10.84.42.134"
"1495496024.000",7444,2347,5097,"10.11.168.10",445,26,11,15,"10.84.42.134"
"1495496020.000",40722009,20054281,20667728,"10.11.168.3",445,177138,88466,88672,"10.84.42.134"
"1495496012.000",7444,2347,5097,"10.11.168.9",445,26,11,15,"10.84.42.134"
"1495496009.000",16474,7310,9164,"10.11.168.180",445,76,36,40,"10.84.42.134"
"1495495754.000",492,0,492,"136.98.149.1",445,7,0,7,"10.84.42.134"
"1495495754.000",492,0,492,"10.125.242.1",445,7,0,7,"10.84.42.134"
"1495495754.000",492,0,492,"136.98.149.1",445,7,0,7,"10.84.42.134"
"1495495754.000",492,0,492,"136.98.100.1",445,7,0,7,"10.84.42.134"
"1495495754.000",492,0,492,"136.98.100.1",445,7,0,7,"10.84.42.134"
"1495495754.000",492,0,492,"10.125.242.1",445,7,0,7,"10.84.42.134"
"1495495721.000",492,0,492,"10.125.242.1",445,7,0,7,"10.84.42.134"
"1495495721.000",492,0,492,"136.98.149.1",445,7,0,7,"10.84.42.134"
"1495495721.000",492,0,492,"136.98.100.1",445,7,0,7,"10.84.42.134"
"1495495720.000",492,0,492,"136.98.149.1",445,7,0,7,"10.84.42.134"
"1495495720.000",492,0,492,"136.98.100.1",445,7,0,7,"10.84.42.134"
"1495495720.000",492,0,492,"10.125.242.1",445,7,0,7,"10.84.42.134"
"1495495711.000",492,0,492,"136.98.149.1",445,7,0,7,"10.84.42.134"
"1495495711.000",492,0,492,"136.98.149.1",445,7,0,7,"10.84.42.134"
"1495495711.000",492,0,492,"136.98.100.1",445,7,0,7,"10.84.42.134"
"1495495711.000",492,0,492,"136.98.100.1",445,7,0,7,"10.84.42.134"
"1495495711.000",492,0,492,"10.125.242.1",445,7,0,7,"10.84.42.134"
"1495495711.000",492,0,492,"10.125.242.1",445,7,0,7,"10.84.42.134"
"1495495478.000",492,0,492,"136.98.149.1",445,7,0,7,"10.84.42.134"
"1495495478.000",492,0,492,"10.125.242.1",445,7,0,7,"10.84.42.134"
"1495495478.000",492,0,492,"136.98.100.1",445,7,0,7,"10.84.42.134"
"1495495472.000",492,0,492,"136.98.100.1",445,7,0,7,"10.84.42.134"
"1495495472.000",492,0,492,"136.98.149.1",445,7,0,7,"10.84.42.134"
"1495495471.000",492,0,492,"10.125.242.1",445,7,0,7,"10.84.42.134"
"1495495471.000",492,0,492,"10.125.242.1",445,7,0,7,"10.84.42.134"
"1495495471.000",492,0,492,"136.98.100.1",445,7,0,7,"10.84.42.134"
"1495495471.000",492,0,492,"136.98.149.1",445,7,0,7,"10.84.42.134"
"1495495471.000",492,0,492,"136.98.100.1",445,7,0,7,"10.84.42.134"
"1495495471.000",492,0,492,"136.98.100.1",445,7,0,7,"10.84.42.134"
"1495495471.000",492,0,492,"136.98.149.1",445,7,0,7,"10.84.42.134"
"1495495471.000",492,0,492,"10.125.242.1",445,7,0,7,"10.84.42.134"
"1495495471.000",492,0,492,"136.98.149.1",445,7,0,7,"10.84.42.134"
"1495495463.000",492,0,492,"136.98.149.1",445,7,0,7,"10.84.42.134"
"1495495463.000",492,0,492,"136.98.100.1",445,7,0,7,"10.84.42.134"
"1495495463.000",492,0,492,"10.125.242.1",445,7,0,7,"10.84.42.134"
"1495495319.000",492,0,492,"10.125.242.1",445,7,0,7,"10.84.42.134"
"1495495317.000",492,0,492,"10.125.242.1",445,7,0,7,"10.84.42.134"
"1495495317.000",492,0,492,"136.98.149.1",445,7,0,7,"10.84.42.134"
"1495495316.000",6531,1822,4709,"10.11.168.9",445,23,9,14,"10.84.42.134"
"1495495284.000",7498,2405,5093,"10.11.168.10",445,27,12,15,"10.84.42.134"
"1495495280.000",492,0,492,"10.125.242.1",445,7,0,7,"10.84.42.134"
"1495495280.000",492,0,492,"136.98.100.1",445,7,0,7,"10.84.42.134"
"1495495273.000",492,0,492,"136.98.149.1",445,7,0,7,"10.84.42.134"
"1495495273.000",492,0,492,"136.98.100.1",445,7,0,7,"10.84.42.134"
"1495495273.000",492,0,492,"10.125.242.1",445,7,0,7,"10.84.42.134"
"1495495193.000",492,0,492,"10.125.242.1",445,7,0,7,"10.84.42.134"
"1495495193.000",492,0,492,"136.98.149.1",445,7,0,7,"10.84.42.134"
"1495495193.000",492,0,492,"136.98.100.1",445,7,0,7,"10.84.42.134"
"1495495191.000",492,0,492,"10.125.242.1",445,7,0,7,"10.84.42.134"
"1495495191.000",492,0,492,"136.98.100.1",445,7,0,7,"10.84.42.134"
"1495495191.000",492,0,492,"136.98.149.1",445,7,0,7,"10.84.42.134"
"1495495188.000",6447,1823,4624,"10.11.168.10",445,23,9,14,"10.84.42.134"
"1495495033.000",492,0,492,"136.98.149.1",445,7,0,7,"10.84.42.134"
"1495495033.000",492,0,492,"136.98.100.1",445,7,0,7,"10.84.42.134"
"1495495033.000",492,0,492,"10.125.242.1",445,7,0,7,"10.84.42.134"
"1495495025.000",492,0,492,"136.98.149.1",445,7,0,7,"10.84.42.134"
"1495495025.000",492,0,492,"136.98.100.1",445,7,0,7,"10.84.42.134"
"1495495025.000",492,0,492,"10.125.242.1",445,7,0,7,"10.84.42.134"
"1495495016.000",7501,2353,5148,"10.11.168.10",445,26,11,15,"10.84.42.134"
"1495495011.000",492,0,492,"136.98.149.1",445,7,0,7,"10.84.42.134"
"1495495011.000",492,0,492,"136.98.100.1",445,7,0,7,"10.84.42.134"
"1495495011.000",492,0,492,"10.125.242.1",445,7,0,7,"10.84.42.134"
"1495495009.000",7485,2347,5138,"10.11.168.10",445,26,11,15,"10.84.42.134"
"1495494497.000",6573,1823,4750,"10.11.168.9",445,23,9,14,"10.84.42.134"
"1495494416.000",6531,1822,4709,"10.11.168.9",445,23,9,14,"10.84.42.134"
"1495494402.000",27481,9412,18069,"10.11.168.180",445,109,51,58,"10.84.42.134"
"1495494383.000",7498,2405,5093,"10.11.168.10",445,27,12,15,"10.84.42.134"
"1495494941.000",492,0,492,"136.98.149.1",445,7,0,7,"10.84.42.134"
"1495494941.000",492,0,492,"10.125.242.1",445,7,0,7,"10.84.42.134"
"1495494941.000",492,0,492,"136.98.100.1",445,7,0,7,"10.84.42.134"
"1495494936.000",492,0,492,"136.98.100.1",445,7,0,7,"10.84.42.134"
"1495494936.000",492,0,492,"10.125.242.1",445,7,0,7,"10.84.42.134"
"1495494936.000",492,0,492,"136.98.149.1",445,7,0,7,"10.84.42.134"
"1495494935.000",6428,1823,4605,"10.11.168.10",445,22,9,13,"10.84.42.134"
"1495494919.000",492,0,492,"10.125.242.1",445,7,0,7,"10.84.42.134"
"1495494919.000",492,0,492,"136.98.100.1",445,7,0,7,"10.84.42.134"
"1495494919.000",492,0,492,"136.98.149.1",445,7,0,7,"10.84.42.134"
"1495494828.000",492,0,492,"10.125.242.1",445,7,0,7,"10.84.42.134"
"1495494828.000",492,0,492,"136.98.149.1",445,7,0,7,"10.84.42.134"
"1495494828.000",492,0,492,"136.98.100.1",445,7,0,7,"10.84.42.134"
"1495494828.000",492,0,492,"136.98.100.1",445,7,0,7,"10.84.42.134"
"1495494828.000",492,0,492,"136.98.149.1",445,7,0,7,"10.84.42.134"
"1495494828.000",492,0,492,"10.125.242.1",445,7,0,7,"10.84.42.134"
"1495494824.000",492,0,492,"136.98.100.1",445,7,0,7,"10.84.42.134"
"1495494824.000",492,0,492,"136.98.149.1",445,7,0,7,"10.84.42.134"
"1495494824.000",492,0,492,"10.125.242.1",445,7,0,7,"10.84.42.134"
"1495494778.000",492,0,492,"10.125.242.1",445,7,0,7,"10.84.42.134"
"1495494778.000",492,0,492,"136.98.149.1",445,7,0,7,"10.84.42.134"
"1495494778.000",492,0,492,"136.98.100.1",445,7,0,7,"10.84.42.134"
"1495494773.000",82,0,82,"10.125.242.1",445,2,0,2,"10.84.42.134"
"1495494773.000",82,0,82,"136.98.149.1",445,2,0,2,"10.84.42.134"
"1495494773.000",82,0,82,"136.98.100.1",445,2,0,2,"10.84.42.134"
"1495494602.000",13362,5375,7987,"10.11.168.10",445,89,33,56,"10.84.42.134"
"1495473988.000",118,60,58,"10.3.151.201",445,2,1,1,"10.84.42.134"
"1495473986.000",118,60,58,"10.3.151.201",445,2,1,1,"10.84.42.134"
"1495471799.000",2070,1154,916,"10.83.68.49",445,16,6,10,"10.84.42.134"
"1495471799.000",422,212,210,"10.83.68.49",445,7,3,4,"10.84.42.134"
"1495471797.000",82,0,82,"186.214.252.94",445,2,0,2,"10.84.42.134"
"1495471795.000",82,0,82,"136.98.181.1",445,2,0,2,"10.84.42.134"
"1495471795.000",82,0,82,"186.214.252.94",445,2,0,2,"10.84.42.134"
"1495471795.000",82,0,82,"136.98.182.1",445,2,0,2,"10.84.42.134"
"1495471795.000",82,0,82,"186.214.252.94",445,2,0,2,"10.84.42.134"
"1495471794.000",82,0,82,"136.98.181.1",445,2,0,2,"10.84.42.134"
"1495471794.000",82,0,82,"136.98.182.1",445,2,0,2,"10.84.42.134"
"1495471794.000",82,0,82,"186.214.252.94",445,2,0,2,"10.84.42.134"
"1495471794.000",82,0,82,"136.98.182.1",445,2,0,2,"10.84.42.134"
"1495471794.000",82,0,82,"136.98.181.1",445,2,0,2,"10.84.42.134"
"1495471793.000",82,0,82,"136.98.181.1",445,1,0,1,"10.84.42.134"
"1495471793.000",82,0,82,"136.98.182.1",445,1,0,1,"10.84.42.134"
"1495471791.000",82,0,82,"186.214.252.94",445,2,0,2,"10.84.42.134"
"1495471790.000",82,0,82,"136.98.182.1",445,1,0,1,"10.84.42.134"
"1495471790.000",82,0,82,"136.98.181.1",445,1,0,1,"10.84.42.134"
"1495470993.000",352,212,140,"10.83.153.66",445,6,3,3,"10.84.42.134"
"1495470993.000",1976,1130,846,"10.83.153.66",445,15,6,9,"10.84.42.134"
"1495470923.000",1986,1140,846,"10.83.65.91",445,15,6,9,"10.84.42.134"
"1495470923.000",286,146,140,"10.83.65.91",445,5,2,3,"10.84.42.134"
"1495470769.000",282,142,140,"10.83.153.66",445,5,2,3,"10.84.42.134"
"1495470769.000",1976,1130,846,"10.83.153.66",445,15,6,9,"10.84.42.134"
"1495470686.000",1986,1140,846,"10.83.65.91",445,15,6,9,"10.84.42.134"
"1495470686.000",286,146,140,"10.83.65.91",445,5,2,3,"10.84.42.134"
"1495470685.000",7505,2347,5158,"10.11.168.10",445,26,11,15,"10.84.42.134"
"1495470674.000",2070,1154,916,"10.83.68.49",445,16,6,10,"10.84.42.134"
"1495470674.000",422,212,210,"10.83.68.49",445,7,3,4,"10.84.42.134"
"1495470672.000",2070,1154,916,"10.83.68.49",445,16,6,10,"10.84.42.134"
"1495470672.000",422,212,210,"10.83.68.49",445,7,3,4,"10.84.42.134"
"1495470672.000",422,212,210,"10.83.68.49",445,7,3,4,"10.84.42.134"
"1495470672.000",2070,1154,916,"10.83.68.49",445,16,6,10,"10.84.42.134"
"1495470671.000",2070,1154,916,"10.83.14.42",445,16,6,10,"10.84.42.134"
"1495470671.000",282,142,140,"10.83.14.42",445,5,2,3,"10.84.42.134"
"1495470607.000",1986,1140,846,"10.83.65.91",445,15,6,9,"10.84.42.134"
"1495470607.000",356,216,140,"10.83.65.91",445,6,3,3,"10.84.42.134"
"1495470376.000",2124,1208,916,"10.83.65.91",445,17,7,10,"10.84.42.134"
"1495470375.000",286,146,140,"10.83.65.91",445,5,2,3,"10.84.42.134"
"1495470373.000",82,0,82,"136.98.181.1",445,1,0,1,"10.84.42.134"
"1495470373.000",82,0,82,"136.98.182.1",445,1,0,1,"10.84.42.134"
"1495470354.000",2070,1154,916,"10.83.68.49",445,16,6,10,"10.84.42.134"
"1495470354.000",2070,1154,916,"10.83.14.42",445,16,6,10,"10.84.42.134"
"1495470354.000",282,142,140,"10.83.14.42",445,5,2,3,"10.84.42.134"
"1495470353.000",422,212,210,"10.83.68.49",445,7,3,4,"10.84.42.134"
"1495470350.000",422,212,210,"10.83.68.49",445,7,3,4,"10.84.42.134"
"1495470350.000",2070,1154,916,"10.83.68.49",445,16,6,10,"10.84.42.134"
"1495470348.000",2070,1154,916,"10.83.68.49",445,16,6,10,"10.84.42.134"
"1495470348.000",422,212,210,"10.83.14.42",445,7,3,4,"10.84.42.134"
"1495470348.000",2070,1154,916,"10.83.14.42",445,16,6,10,"10.84.42.134"
"1495470348.000",422,212,210,"10.83.68.49",445,7,3,4,"10.84.42.134"
"1495470348.000",2070,1154,916,"10.83.68.49",445,16,6,10,"10.84.42.134"
"1495470348.000",282,142,140,"10.83.14.42",445,5,2,3,"10.84.42.134"
"1495470348.000",422,212,210,"10.83.68.49",445,7,3,4,"10.84.42.134"
"1495470348.000",2070,1154,916,"10.83.14.42",445,16,6,10,"10.84.42.134"
"1495470347.000",2070,1154,916,"10.83.14.42",445,16,6,10,"10.84.42.134"
"1495470347.000",422,212,210,"10.83.14.42",445,7,3,4,"10.84.42.134"
"1495470345.000",2070,1154,916,"10.83.68.49",445,16,6,10,"10.84.42.134"
"1495470345.000",282,142,140,"10.83.14.42",445,5,2,3,"10.84.42.134"
"1495470345.000",2070,1154,916,"10.83.14.42",445,16,6,10,"10.84.42.134"
"1495470345.000",82,0,82,"136.98.182.1",445,1,0,1,"10.84.42.134"
"1495470340.000",82,0,82,"136.98.182.1",445,1,0,1,"10.84.42.134"
"1495470340.000",82,0,82,"136.98.181.1",445,1,0,1,"10.84.42.134"
"1495470338.000",82,0,82,"136.98.181.1",445,1,0,1,"10.84.42.134"
"1495470338.000",82,0,82,"136.98.182.1",445,1,0,1,"10.84.42.134"
"1495470335.000",82,0,82,"136.98.182.1",445,1,0,1,"10.84.42.134"
"1495470335.000",82,0,82,"136.98.181.1",445,1,0,1,"10.84.42.134"
"1495470334.000",7485,2347,5138,"10.11.168.9",445,26,11,15,"10.84.42.134"
"1495470308.000",82,0,82,"136.98.182.1",445,1,0,1,"10.84.42.134"
"1495469785.000",7505,2347,5158,"10.11.168.10",445,26,11,15,"10.84.42.134"
"1495469322.000",286,146,140,"10.83.65.91",445,5,2,3,"10.84.42.134"
"1495469321.000",286,146,140,"10.83.65.91",445,5,2,3,"10.84.42.134"
"1495469321.000",1986,1140,846,"10.83.65.91",445,15,6,9,"10.84.42.134"
"1495469104.000",1986,1140,846,"10.83.65.91",445,15,6,9,"10.84.42.134"
"1495469104.000",286,146,140,"10.83.65.91",445,5,2,3,"10.84.42.134"
"1495469104.000",1986,1140,846,"10.83.65.91",445,15,6,9,"10.84.42.134"
"1495469104.000",356,216,140,"10.83.65.91",445,6,3,3,"10.84.42.134"
"1495469098.000",356,216,140,"10.83.65.91",445,6,3,3,"10.84.42.134"
"1495469098.000",1986,1140,846,"10.83.65.91",445,15,6,9,"10.84.42.134"
"1495469092.000",138,78,60,"10.83.65.91",445,3,1,2,"10.84.42.134"
"1495469092.000",1986,1140,846,"10.83.65.91",445,15,6,9,"10.84.42.134"
"1495469092.000",356,216,140,"10.83.65.91",445,6,3,3,"10.84.42.134"
"1495469000.000",1986,1140,846,"10.83.65.91",445,15,6,9,"10.84.42.134"
"1495469000.000",356,216,140,"10.83.65.91",445,6,3,3,"10.84.42.134"
"1495468995.000",286,146,140,"10.83.65.91",445,5,2,3,"10.84.42.134"
"1495468971.000",2124,1208,916,"10.83.65.91",445,17,7,10,"10.84.42.134"
"1495468971.000",494,284,210,"10.83.65.91",445,8,4,4,"10.84.42.134"
"1495468643.000",82,0,82,"136.98.181.1",445,1,0,1,"10.84.42.134"
"1495468643.000",82,0,82,"136.98.182.1",445,1,0,1,"10.84.42.134"
"1495468642.000",82,0,82,"10.83.14.42",445,1,0,1,"10.84.42.134"
"1495468624.000",1986,1140,846,"10.83.65.91",445,15,6,9,"10.84.42.134"
"1495468624.000",286,146,140,"10.83.65.91",445,5,2,3,"10.84.42.134"
"1495468622.000",6525,1881,4644,"10.11.168.10",445,24,10,14,"10.84.42.134"
"1495468622.000",6294,1839,4455,"10.11.168.10",445,21,8,13,"10.84.42.134"
"1495468621.000",422,212,210,"10.83.68.49",445,7,3,4,"10.84.42.134"
"1495468621.000",2070,1154,916,"10.83.68.49",445,16,6,10,"10.84.42.134"
"1495468619.000",422,212,210,"10.83.68.49",445,7,3,4,"10.84.42.134"
"1495468619.000",2070,1154,916,"10.83.68.49",445,16,6,10,"10.84.42.134"
"1495468616.000",82,0,82,"136.98.181.1",445,1,0,1,"10.84.42.134"
"1495468616.000",82,0,82,"136.98.182.1",445,1,0,1,"10.84.42.134"
"1495468614.000",82,0,82,"10.83.14.42",445,1,0,1,"10.84.42.134"
"1495468611.000",82,0,82,"136.98.182.1",445,1,0,1,"10.84.42.134"
"1495468611.000",82,0,82,"136.98.181.1",445,1,0,1,"10.84.42.134"
"1495468611.000",82,0,82,"10.83.14.42",445,1,0,1,"10.84.42.134"
"1495468609.000",82,0,82,"136.98.182.1",445,1,0,1,"10.84.42.134"
"1495468609.000",422,212,210,"10.83.68.49",445,7,3,4,"10.84.42.134"
"1495468609.000",82,0,82,"136.98.181.1",445,1,0,1,"10.84.42.134"
"1495468609.000",82,0,82,"10.83.14.42",445,1,0,1,"10.84.42.134"
"1495468609.000",2070,1154,916,"10.83.68.49",445,16,6,10,"10.84.42.134"
"1495468600.000",82,0,82,"136.98.181.1",445,1,0,1,"10.84.42.134"
"1495468600.000",82,0,82,"136.98.182.1",445,1,0,1,"10.84.42.134"
"1495468592.000",286,146,140,"10.83.65.91",445,5,2,3,"10.84.42.134"
"1495468592.000",1986,1140,846,"10.83.65.91",445,15,6,9,"10.84.42.134"
"1495468501.000",282,142,140,"10.83.68.49",445,5,2,3,"10.84.42.134"
"1495468501.000",2070,1154,916,"10.83.68.49",445,16,6,10,"10.84.42.134"
"1495468501.000",2070,1154,916,"10.83.68.49",445,16,6,10,"10.84.42.134"
"1495468501.000",422,212,210,"10.83.68.49",445,7,3,4,"10.84.42.134"
"1495468499.000",422,212,210,"10.83.68.49",445,7,3,4,"10.84.42.134"
"1495468499.000",2070,1154,916,"10.83.68.49",445,16,6,10,"10.84.42.134"
"1495468419.000",2070,1154,916,"10.83.68.49",445,16,6,10,"10.84.42.134"
"1495468419.000",422,212,210,"10.83.68.49",445,7,3,4,"10.84.42.134"
"1495468415.000",82,0,82,"136.98.182.1",445,1,0,1,"10.84.42.134"
"1495468415.000",82,0,82,"136.98.182.1",445,1,0,1,"10.84.42.134"
"1495468415.000",82,0,82,"136.98.181.1",445,1,0,1,"10.84.42.134"
"1495468415.000",82,0,82,"136.98.181.1",445,1,0,1,"10.84.42.134"
"1495468414.000",82,0,82,"136.98.182.1",445,1,0,1,"10.84.42.134"
"1495468414.000",82,0,82,"136.98.181.1",445,1,0,1,"10.84.42.134"
"1495468409.000",82,0,82,"136.98.181.1",445,1,0,1,"10.84.42.134"
"1495468409.000",82,0,82,"136.98.182.1",445,1,0,1,"10.84.42.134"
"1495467713.000",422,212,210,"10.83.68.49",445,7,3,4,"10.84.42.134"
"1495467713.000",2070,1154,916,"10.83.68.49",445,16,6,10,"10.84.42.134"
"1495467713.000",2070,1154,916,"10.83.68.49",445,16,6,10,"10.84.42.134"
"1495467713.000",422,212,210,"10.83.68.49",445,7,3,4,"10.84.42.134"
"1495467712.000",2070,1154,916,"10.83.68.49",445,16,6,10,"10.84.42.134"
"1495467712.000",422,212,210,"10.83.68.49",445,7,3,4,"10.84.42.134"
"1495467710.000",422,212,210,"10.83.68.49",445,7,3,4,"10.84.42.134"
"1495467710.000",2070,1154,916,"10.83.68.49",445,16,6,10,"10.84.42.134"
"1495467708.000",2070,1154,916,"10.83.68.49",445,16,6,10,"10.84.42.134"
"1495467708.000",282,142,140,"10.83.68.49",445,5,2,3,"10.84.42.134"
"1495467449.000",422,212,210,"10.83.68.49",445,7,3,4,"10.84.42.134"
"1495467449.000",2070,1154,916,"10.83.68.49",445,16,6,10,"10.84.42.134"
"1495467448.000",422,212,210,"10.83.68.49",445,7,3,4,"10.84.42.134"
"1495467448.000",422,212,210,"10.83.68.49",445,7,3,4,"10.84.42.134"
"1495467448.000",2070,1154,916,"10.83.68.49",445,16,6,10,"10.84.42.134"
"1495467448.000",2070,1154,916,"10.83.68.49",445,16,6,10,"10.84.42.134"
"1495467447.000",2070,1154,916,"10.83.68.49",445,16,6,10,"10.84.42.134"
"1495467447.000",2070,1154,916,"10.83.68.49",445,16,6,10,"10.84.42.134"
"1495467447.000",422,212,210,"10.83.68.49",445,7,3,4,"10.84.42.134"
"1495467444.000",1987,1141,846,"10.83.29.108",445,15,6,9,"10.84.42.134"
"1495467443.000",282,142,140,"10.83.3.150",445,5,2,3,"10.84.42.134"
"1495467443.000",282,142,140,"10.83.29.108",445,5,2,3,"10.84.42.134"
"1495467443.000",2008,1162,846,"10.83.3.150",445,15,6,9,"10.84.42.134"
"1495467217.000",2004,1158,846,"10.83.204.210",445,15,6,9,"10.84.42.134"
"1495467217.000",282,142,140,"10.83.3.150",445,5,2,3,"10.84.42.134"
"1495467217.000",352,212,140,"10.83.204.210",445,6,3,3,"10.84.42.134"
"1495467212.000",138,78,60,"10.83.29.108",445,3,1,2,"10.84.42.134"
"1495466905.000",282,142,140,"10.83.204.210",445,5,2,3,"10.84.42.134"
"1495466905.000",2004,1158,846,"10.83.204.210",445,15,6,9,"10.84.42.134"
"1495466905.000",282,142,140,"10.83.29.108",445,5,2,3,"10.84.42.134"
"1495466328.000",14292,4867,9425,"10.11.168.9",445,54,24,30,"10.84.42.134"
"1495459914.000",7565,2417,5148,"10.11.168.9",445,27,12,15,"10.84.42.134"
"1495458114.000",7501,2353,5148,"10.11.168.9",445,26,11,15,"10.84.42.134"
"1495494812.000",492,0,492,"136.98.149.1",445,7,0,7,"10.84.42.134"
"1495494812.000",492,0,492,"136.98.100.1",445,7,0,7,"10.84.42.134"
"1495494812.000",492,0,492,"10.125.242.1",445,7,0,7,"10.84.42.134"
"1495494807.000",492,0,492,"136.98.149.1",445,7,0,7,"10.84.42.134"
"1495494807.000",492,0,492,"136.98.100.1",445,7,0,7,"10.84.42.134"
"1495494807.000",492,0,492,"10.125.242.1",445,7,0,7,"10.84.42.134"
"1495494757.000",82,0,82,"186.214.252.94",445,2,0,2,"10.84.42.134"
"1495494756.000",82,0,82,"186.214.252.94",445,2,0,2,"10.84.42.134"
"1495494755.000",82,0,82,"136.98.181.1",445,2,0,2,"10.84.42.134"
"1495494755.000",82,0,82,"10.157.36.22",445,2,0,2,"10.84.42.134"
"1495494754.000",82,0,82,"10.157.36.22",445,2,0,2,"10.84.42.134"
"1495494751.000",82,0,82,"10.157.36.22",445,2,0,2,"10.84.42.134"
"1495494751.000",492,0,492,"136.98.100.1",445,7,0,7,"10.84.42.134"
"1495494751.000",82,0,82,"136.98.182.1",445,2,0,2,"10.84.42.134"
"1495494751.000",82,0,82,"136.98.181.1",445,2,0,2,"10.84.42.134"
"1495494751.000",492,0,492,"10.125.242.1",445,7,0,7,"10.84.42.134"
"1495494751.000",82,0,82,"186.214.252.94",445,2,0,2,"10.84.42.134"
"1495494751.000",492,0,492,"136.98.149.1",445,7,0,7,"10.84.42.134"
"1495494750.000",82,0,82,"136.98.182.1",445,2,0,2,"10.84.42.134"
"1495494750.000",82,0,82,"10.157.36.22",445,2,0,2,"10.84.42.134"
"1495494750.000",82,0,82,"186.214.252.94",445,2,0,2,"10.84.42.134"
"1495494750.000",82,0,82,"136.98.181.1",445,2,0,2,"10.84.42.134"
"1495494749.000",82,0,82,"136.98.181.1",445,2,0,2,"10.84.42.134"
"1495494749.000",82,0,82,"10.157.36.22",445,2,0,2,"10.84.42.134"
"1495494749.000",82,0,82,"136.98.182.1",445,2,0,2,"10.84.42.134"
"1495494741.000",82,0,82,"10.84.90.244",445,2,0,2,"10.84.42.134"
"1495494624.000",16498,7310,9188,"10.11.168.180",445,78,36,42,"10.84.42.134"
"1495494266.000",7444,2347,5097,"10.11.168.9",445,26,11,15,"10.84.42.134"
"1495494162.000",78677,34256,44421,"10.11.168.180",445,405,189,216,"10.84.42.134"
"1495494162.000",6575,1951,4624,"10.11.168.10",445,25,11,14,"10.84.42.134"
"1495494116.000",7565,2417,5148,"10.11.168.9",445,27,12,15,"10.84.42.134"
"1495494086.000",7505,2347,5158,"10.11.168.10",445,26,11,15,"10.84.42.134"
"1495492871.000",7485,2347,5138,"10.11.168.10",445,26,11,15,"10.84.42.134"
"1495491953.000",14740,4809,9931,"10.11.168.9",445,54,23,31,"10.84.42.134"
"1495491797.000",6573,1823,4750,"10.11.168.9",445,23,9,14,"10.84.42.134"
"1495491181.000",492,0,492,"136.98.149.1",445,7,0,7,"10.84.42.134"
"1495491181.000",492,0,492,"10.125.242.1",445,7,0,7,"10.84.42.134"
"1495491181.000",492,0,492,"10.125.242.1",445,7,0,7,"10.84.42.134"
"1495491181.000",492,0,492,"136.98.149.1",445,7,0,7,"10.84.42.134"
"1495491181.000",492,0,492,"136.98.100.1",445,7,0,7,"10.84.42.134"
"1495491181.000",492,0,492,"136.98.100.1",445,7,0,7,"10.84.42.134"
"1495491181.000",492,0,492,"136.98.149.1",445,7,0,7,"10.84.42.134"
"1495491181.000",492,0,492,"10.125.242.1",445,7,0,7,"10.84.42.134"
"1495491181.000",492,0,492,"136.98.100.1",445,7,0,7,"10.84.42.134"
"1495491040.000",38371,16839,21532,"10.11.168.180",445,192,92,100,"10.84.42.134"
"1495490613.000",8042,2700,5342,"10.11.168.10",445,29,12,17,"10.84.42.134"
"1495490561.000",492,0,492,"10.125.242.1",445,7,0,7,"10.84.42.134"
"1495490561.000",492,0,492,"136.98.149.1",445,7,0,7,"10.84.42.134"
"1495490561.000",492,0,492,"136.98.100.1",445,7,0,7,"10.84.42.134"
"1495490310.000",492,0,492,"136.98.149.1",445,7,0,7,"10.84.42.134"
"1495490310.000",492,0,492,"10.125.242.1",445,7,0,7,"10.84.42.134"
"1495490310.000",492,0,492,"136.98.100.1",445,7,0,7,"10.84.42.134"
"1495490301.000",492,0,492,"10.125.242.1",445,7,0,7,"10.84.42.134"
"1495490301.000",492,0,492,"136.98.100.1",445,7,0,7,"10.84.42.134"
"1495490301.000",492,0,492,"136.98.149.1",445,7,0,7,"10.84.42.134"
"1495489593.000",6447,1823,4624,"10.11.168.9",445,23,9,14,"10.84.42.134"
"1495489586.000",7505,2347,5158,"10.11.168.10",445,26,11,15,"10.84.42.134"
"1495489577.000",492,0,492,"136.98.100.1",445,7,0,7,"10.84.42.134"
"1495489577.000",492,0,492,"136.98.149.1",445,7,0,7,"10.84.42.134"
"1495489577.000",492,0,492,"10.125.242.1",445,7,0,7,"10.84.42.134"
"1495489143.000",18228,7212,11016,"10.11.168.180",445,77,37,40,"10.84.42.134"
"1495488198.000",6573,1823,4750,"10.11.168.9",445,23,9,14,"10.84.42.134"
"1495488156.000",7642,2545,5097,"10.11.168.10",445,29,14,15,"10.84.42.134"
"1495487274.000",10060,4506,5554,"10.11.168.180",445,48,22,26,"10.84.42.134"
"1495487103.000",15238,8135,7103,"10.11.168.10",445,73,29,44,"10.84.42.134"
"1495486923.000",6488,1823,4665,"10.11.168.9",445,23,9,14,"10.84.42.134"
"1495486503.000",16163,8566,7597,"10.11.168.10",445,81,32,49,"10.84.42.134"
"1495486392.000",492,0,492,"136.98.100.1",445,7,0,7,"10.84.42.134"
"1495486392.000",492,0,492,"10.125.242.1",445,7,0,7,"10.84.42.134"
"1495486392.000",492,0,492,"136.98.149.1",445,7,0,7,"10.84.42.134"
"1495486166.000",7442,2346,5096,"10.11.168.10",445,26,11,15,"10.84.42.134"
"1495485851.000",492,0,492,"10.125.242.1",445,7,0,7,"10.84.42.134"
"1495485851.000",492,0,492,"136.98.149.1",445,7,0,7,"10.84.42.134"
"1495485851.000",492,0,492,"136.98.100.1",445,7,0,7,"10.84.42.134"
"1495485575.000",7478,2405,5073,"10.11.168.9",445,27,12,15,"10.84.42.134"
"1495485282.000",7496,2404,5092,"10.11.168.9",445,27,12,15,"10.84.42.134"
"1495484778.000",12949,5750,7199,"10.11.168.180",445,61,28,33,"10.84.42.134"
"1495484333.000",492,0,492,"136.98.149.1",445,7,0,7,"10.84.42.134"
"1495484333.000",492,0,492,"136.98.149.1",445,7,0,7,"10.84.42.134"
"1495484333.000",492,0,492,"136.98.100.1",445,7,0,7,"10.84.42.134"
"1495484333.000",492,0,492,"136.98.100.1",445,7,0,7,"10.84.42.134"
"1495484333.000",492,0,492,"10.125.242.1",445,7,0,7,"10.84.42.134"
"1495484333.000",492,0,492,"10.125.242.1",445,7,0,7,"10.84.42.134"
"1495484328.000",492,0,492,"10.125.242.1",445,7,0,7,"10.84.42.134"
"1495484328.000",492,0,492,"136.98.149.1",445,7,0,7,"10.84.42.134"
"1495484328.000",492,0,492,"136.98.100.1",445,7,0,7,"10.84.42.134"
"1495484215.000",7501,2353,5148,"10.11.168.9",445,26,11,15,"10.84.42.134"
"1495484208.000",10060,4506,5554,"10.11.168.180",445,48,22,26,"10.84.42.134"
"1495484088.000",10060,4506,5554,"10.11.168.180",445,48,22,26,"10.84.42.134"
"1495484076.000",492,0,492,"10.125.242.1",445,7,0,7,"10.84.42.134"
"1495484076.000",492,0,492,"136.98.100.1",445,7,0,7,"10.84.42.134"
"1495484076.000",492,0,492,"136.98.149.1",445,7,0,7,"10.84.42.134"
"1495484039.000",6447,1823,4624,"10.11.168.10",445,23,9,14,"10.84.42.134"
"1495484028.000",6977,3104,3873,"10.11.168.180",445,35,15,20,"10.84.42.134"
"1495483219.000",492,0,492,"136.98.149.1",445,7,0,7,"10.84.42.134"
"1495483219.000",492,0,492,"136.98.100.1",445,7,0,7,"10.84.42.134"
"1495483219.000",492,0,492,"10.125.242.1",445,7,0,7,"10.84.42.134"
"1495483218.000",9942,4448,5494,"10.11.168.180",445,46,21,25,"10.84.42.134"
"1495483128.000",10060,4506,5554,"10.11.168.180",445,48,22,26,"10.84.42.134"
"1495482888.000",10118,4564,5554,"10.11.168.180",445,49,23,26,"10.84.42.134"
"1495482887.000",492,0,492,"136.98.100.1",445,7,0,7,"10.84.42.134"
"1495482887.000",492,0,492,"10.125.242.1",445,7,0,7,"10.84.42.134"
"1495482887.000",492,0,492,"136.98.149.1",445,7,0,7,"10.84.42.134"
"1495482884.000",492,0,492,"136.98.100.1",445,7,0,7,"10.84.42.134"
"1495482884.000",492,0,492,"10.125.242.1",445,7,0,7,"10.84.42.134"
"1495482884.000",492,0,492,"136.98.149.1",445,7,0,7,"10.84.42.134"
"1495482738.000",10060,4506,5554,"10.11.168.180",445,48,22,26,"10.84.42.134"
"1495482650.000",492,0,492,"136.98.149.1",445,7,0,7,"10.84.42.134"
"1495482650.000",492,0,492,"136.98.100.1",445,7,0,7,"10.84.42.134"
"1495482650.000",492,0,492,"10.125.242.1",445,7,0,7,"10.84.42.134"
"1495482648.000",10118,4564,5554,"10.11.168.180",445,49,23,26,"10.84.42.134"
"1495482408.000",6965,3162,3803,"10.11.168.180",445,35,16,19,"10.84.42.134"
"1495482313.000",492,0,492,"10.125.242.1",445,7,0,7,"10.84.42.134"
"1495482313.000",492,0,492,"136.98.100.1",445,7,0,7,"10.84.42.134"
"1495482313.000",492,0,492,"136.98.149.1",445,7,0,7,"10.84.42.134"
"1495482214.000",492,0,492,"136.98.149.1",445,7,0,7,"10.84.42.134"
"1495482214.000",492,0,492,"136.98.100.1",445,7,0,7,"10.84.42.134"
"1495482202.000",492,0,492,"136.98.149.1",445,7,0,7,"10.84.42.134"
"1495482202.000",492,0,492,"136.98.100.1",445,7,0,7,"10.84.42.134"
"1495482202.000",492,0,492,"10.125.242.1",445,7,0,7,"10.84.42.134"
"1495482059.000",492,0,492,"136.98.100.1",445,7,0,7,"10.84.42.134"
"1495482059.000",492,0,492,"136.98.149.1",445,7,0,7,"10.84.42.134"
"1495482059.000",492,0,492,"10.125.242.1",445,7,0,7,"10.84.42.134"
"1495481973.000",492,0,492,"10.125.242.1",445,7,0,7,"10.84.42.134"
"1495481973.000",492,0,492,"136.98.149.1",445,7,0,7,"10.84.42.134"
"1495481973.000",492,0,492,"136.98.100.1",445,7,0,7,"10.84.42.134"
"1495481739.000",492,0,492,"136.98.149.1",445,7,0,7,"10.84.42.134"
"1495481739.000",492,0,492,"136.98.100.1",445,7,0,7,"10.84.42.134"
"1495481739.000",492,0,492,"10.125.242.1",445,7,0,7,"10.84.42.134"
"1495481505.000",492,0,492,"136.98.100.1",445,7,0,7,"10.84.42.134"
"1495481505.000",492,0,492,"136.98.149.1",445,7,0,7,"10.84.42.134"
"1495481505.000",492,0,492,"10.125.242.1",445,7,0,7,"10.84.42.134"
"1495481491.000",492,0,492,"10.125.242.1",445,7,0,7,"10.84.42.134"
"1495481491.000",492,0,492,"136.98.100.1",445,7,0,7,"10.84.42.134"
"1495481491.000",492,0,492,"136.98.149.1",445,7,0,7,"10.84.42.134"
"1495481485.000",7505,2347,5158,"10.11.168.10",445,26,11,15,"10.84.42.134"
"1495481484.000",77520,28475,49045,"10.11.168.180",445,313,146,167,"10.84.42.134"
"1495481482.000",7485,2347,5138,"10.11.168.10",445,26,11,15,"10.84.42.134"
"1495481479.000",492,0,492,"10.125.242.1",445,7,0,7,"10.84.42.134"
"1495481479.000",492,0,492,"136.98.149.1",445,7,0,7,"10.84.42.134"
"1495481479.000",492,0,492,"136.98.100.1",445,7,0,7,"10.84.42.134"
"1495481477.000",6525,1881,4644,"10.11.168.10",445,24,10,14,"10.84.42.134"
"1495481477.000",492,0,492,"10.125.242.1",445,7,0,7,"10.84.42.134"
"1495481477.000",492,0,492,"136.98.100.1",445,7,0,7,"10.84.42.134"
"1495481477.000",492,0,492,"136.98.149.1",445,7,0,7,"10.84.42.134"
"1495481455.000",6603,1823,4780,"10.11.168.10",445,24,9,15,"10.84.42.134"
"1495481059.000",492,0,492,"10.125.242.1",445,7,0,7,"10.84.42.134"
"1495481059.000",492,0,492,"136.98.149.1",445,7,0,7,"10.84.42.134"
"1495480994.000",492,0,492,"10.125.242.1",445,7,0,7,"10.84.42.134"
"1495480994.000",492,0,492,"136.98.100.1",445,7,0,7,"10.84.42.134"
"1495480994.000",492,0,492,"136.98.149.1",445,7,0,7,"10.84.42.134"
"1495480770.000",18286,7211,11075,"10.11.168.180",445,78,37,41,"10.84.42.134"
"1495480615.000",7501,2353,5148,"10.11.168.9",445,26,11,15,"10.84.42.134"
"1495479433.000",6699,1880,4819,"10.11.168.9",445,25,10,15,"10.84.42.134"
"1495479219.000",6558,1893,4665,"10.11.168.9",445,24,10,14,"10.84.42.134"
"1495479216.000",574,0,574,"136.98.100.1",445,8,0,8,"10.84.42.134"
"1495479216.000",492,0,492,"136.98.149.1",445,7,0,7,"10.84.42.134"
"1495479216.000",492,0,492,"136.98.100.1",445,7,0,7,"10.84.42.134"
"1495479216.000",574,0,574,"136.98.149.1",445,8,0,8,"10.84.42.134"
"1495478533.000",6571,1822,4749,"10.11.168.9",445,23,9,14,"10.84.42.134"
"1495478084.000",22688,8588,14100,"10.11.168.9",445,69,30,39,"10.84.42.134"
"1495478081.000",7438,2346,5092,"10.11.168.9",445,26,11,15,"10.84.42.134"
"1495478065.000",13577,5978,7599,"10.11.168.180",445,64,30,34,"10.84.42.134"
"1495478063.000",410,0,410,"10.125.242.1",445,6,0,6,"10.84.42.134"
"1495478063.000",410,0,410,"136.98.149.1",445,6,0,6,"10.84.42.134"
"1495477885.000",7505,2347,5158,"10.11.168.10",445,26,11,15,"10.84.42.134"
"1495477874.000",6467,1823,4644,"10.11.168.9",445,23,9,14,"10.84.42.134"
"1495477760.000",6467,1823,4644,"10.11.168.10",445,23,9,14,"10.84.42.134"
"1495477759.000",492,0,492,"136.98.100.1",445,7,0,7,"10.84.42.134"
"1495477759.000",492,0,492,"136.98.149.1",445,7,0,7,"10.84.42.134"
"1495477759.000",492,0,492,"10.125.242.1",445,7,0,7,"10.84.42.134"
"1495477756.000",492,0,492,"10.125.242.1",445,7,0,7,"10.84.42.134"
"1495477675.000",97893819,47441061,50452758,"10.11.168.9",445,431828,215796,216032,"10.84.42.134"
"1495477675.000",6505,1881,4624,"10.11.168.9",445,24,10,14,"10.84.42.134"
"1495477289.000",492,0,492,"10.125.242.1",445,7,0,7,"10.84.42.134"
"1495477289.000",492,0,492,"136.98.100.1",445,7,0,7,"10.84.42.134"
"1495477282.000",1972,1126,846,"10.83.65.123",445,15,6,9,"10.84.42.134"
"1495477281.000",352,212,140,"10.83.65.123",445,6,3,3,"10.84.42.134"
"1495477278.000",1972,1126,846,"10.83.65.123",445,15,6,9,"10.84.42.134"
"1495477276.000",492,0,492,"136.98.149.1",445,7,0,7,"10.84.42.134"
"1495477270.000",492,0,492,"10.125.242.1",445,7,0,7,"10.84.42.134"
"1495477270.000",492,0,492,"136.98.149.1",445,7,0,7,"10.84.42.134"
"1495477270.000",492,0,492,"136.98.100.1",445,7,0,7,"10.84.42.134"
"1495477266.000",492,0,492,"10.125.242.1",445,7,0,7,"10.84.42.134"
"1495477266.000",492,0,492,"136.98.100.1",445,7,0,7,"10.84.42.134"
"1495477263.000",492,0,492,"136.98.100.1",445,7,0,7,"10.84.42.134"
"1495477263.000",492,0,492,"10.125.242.1",445,7,0,7,"10.84.42.134"
"1495477263.000",492,0,492,"136.98.149.1",445,7,0,7,"10.84.42.134"
"1495477261.000",492,0,492,"10.125.242.1",445,7,0,7,"10.84.42.134"
"1495476955.000",6591,1881,4710,"10.11.168.10",445,24,10,14,"10.84.42.134"
"1495476390.000",492,0,492,"136.98.100.1",445,7,0,7,"10.84.42.134"
"1495476390.000",492,0,492,"10.125.242.1",445,7,0,7,"10.84.42.134"
"1495476390.000",492,0,492,"136.98.149.1",445,7,0,7,"10.84.42.134"
"1495476389.000",492,0,492,"10.125.242.1",445,7,0,7,"10.84.42.134"
"1495476389.000",492,0,492,"136.98.149.1",445,7,0,7,"10.84.42.134"
"1495476389.000",492,0,492,"136.98.100.1",445,7,0,7,"10.84.42.134"
"1495476122.000",82,0,82,"10.160.245.129",445,1,0,1,"10.84.42.134"
"1495475719.000",7500,2404,5096,"10.11.168.9",445,27,12,15,"10.84.42.134"
"1495475625.000",7485,2347,5138,"10.11.168.9",445,26,11,15,"10.84.42.134"
"1495475531.000",6467,1823,4644,"10.11.168.10",445,23,9,14,"10.84.42.134"
"1495475000.000",492,0,492,"10.125.242.1",445,7,0,7,"10.84.42.134"
"1495475000.000",492,0,492,"10.125.242.1",445,7,0,7,"10.84.42.134"
"1495475000.000",492,0,492,"136.98.100.1",445,7,0,7,"10.84.42.134"
"1495475000.000",492,0,492,"136.98.149.1",445,7,0,7,"10.84.42.134"
"1495475000.000",492,0,492,"136.98.149.1",445,7,0,7,"10.84.42.134"
"1495475000.000",492,0,492,"136.98.149.1",445,7,0,7,"10.84.42.134"
"1495475000.000",492,0,492,"10.125.242.1",445,7,0,7,"10.84.42.134"
"1495475000.000",492,0,492,"136.98.100.1",445,7,0,7,"10.84.42.134"
"1495475000.000",492,0,492,"136.98.100.1",445,7,0,7,"10.84.42.134"
"1495474732.000",41165,17737,23428,"10.11.168.180",445,209,97,112,"10.84.42.134"
"1495473982.000",118,60,58,"10.3.151.201",445,2,1,1,"10.84.42.134"
"1495473730.000",17281,7677,9604,"10.11.168.180",445,87,41,46,"10.84.42.134"
"1495473004.000",18659,10035,8624,"10.11.168.10",445,95,37,58,"10.84.42.134"
"1495473004.000",13360,5374,7986,"10.11.168.10",445,89,33,56,"10.84.42.134"
"1495472128.000",282,142,140,"10.83.153.66",445,5,2,3,"10.84.42.134"
"1495472127.000",1986,1140,846,"10.83.65.91",445,15,6,9,"10.84.42.134"
"1495472125.000",1986,1140,846,"10.83.65.91",445,15,6,9,"10.84.42.134"
"1495472125.000",356,216,140,"10.83.65.91",445,6,3,3,"10.84.42.134"
"1495472123.000",286,146,140,"10.83.65.91",445,5,2,3,"10.84.42.134"
"1495472123.000",1986,1140,846,"10.83.65.91",445,15,6,9,"10.84.42.134"
"1495472019.000",6616,1951,4665,"10.11.168.9",445,25,11,14,"10.84.42.134"
"1495471844.000",1986,1140,846,"10.83.65.91",445,15,6,9,"10.84.42.134"
"1495471844.000",286,146,140,"10.83.65.91",445,5,2,3,"10.84.42.134"
"1495471296.000",62,0,62,"10.83.65.184",445,1,0,1,"10.84.42.134"
"1495471294.000",62,0,62,"10.83.65.184",445,1,0,1,"10.84.42.134"
"1495471283.000",1986,1140,846,"10.83.65.91",445,15,6,9,"10.84.42.134"
"1495471283.000",286,146,140,"10.83.65.91",445,5,2,3,"10.84.42.134"
"1495471026.000",282,142,140,"10.83.153.66",445,5,2,3,"10.84.42.134"
"1495471021.000",138,78,60,"10.83.65.91",445,3,1,2,"10.84.42.134"
"1495470554.000",6525,1881,4644,"10.11.168.10",445,24,10,14,"10.84.42.134"
"1495470550.000",282,142,140,"10.83.14.42",445,5,2,3,"10.84.42.134"
"1495470550.000",2070,1154,916,"10.83.68.49",445,16,6,10,"10.84.42.134"
"1495470550.000",2070,1154,916,"10.83.14.42",445,16,6,10,"10.84.42.134"
"1495470550.000",422,212,210,"10.83.68.49",445,7,3,4,"10.84.42.134"
"1495470547.000",2070,1154,916,"10.83.68.49",445,16,6,10,"10.84.42.134"
"1495470547.000",422,212,210,"10.83.68.49",445,7,3,4,"10.84.42.134"
"1495470546.000",2070,1154,916,"10.83.68.49",445,16,6,10,"10.84.42.134"
"1495470546.000",2070,1154,916,"10.83.14.42",445,16,6,10,"10.84.42.134"
"1495470546.000",422,212,210,"10.83.68.49",445,7,3,4,"10.84.42.134"
"1495470546.000",2070,1154,916,"10.83.14.42",445,16,6,10,"10.84.42.134"
"1495470546.000",422,212,210,"10.83.14.42",445,7,3,4,"10.84.42.134"
"1495470546.000",422,212,210,"10.83.68.49",445,7,3,4,"10.84.42.134"
"1495470546.000",6708,1867,4841,"10.11.168.9",445,27,12,15,"10.84.42.134"
"1495470546.000",2070,1154,916,"10.83.14.42",445,16,6,10,"10.84.42.134"
"1495470546.000",422,212,210,"10.83.14.42",445,7,3,4,"10.84.42.134"
"1495470545.000",2070,1154,916,"10.83.14.42",445,16,6,10,"10.84.42.134"
"1495470545.000",422,212,210,"10.83.14.42",445,7,3,4,"10.84.42.134"
"1495470542.000",82,0,82,"136.98.181.1",445,1,0,1,"10.84.42.134"
"1495470542.000",82,0,82,"136.98.182.1",445,1,0,1,"10.84.42.134"
"1495470536.000",82,0,82,"136.98.181.1",445,1,0,1,"10.84.42.134"
"1495470536.000",82,0,82,"136.98.181.1",445,1,0,1,"10.84.42.134"
"1495470536.000",82,0,82,"136.98.181.1",445,1,0,1,"10.84.42.134"
"1495470536.000",82,0,82,"136.98.182.1",445,1,0,1,"10.84.42.134"
"1495470536.000",82,0,82,"136.98.182.1",445,1,0,1,"10.84.42.134"
"1495470536.000",82,0,82,"136.98.182.1",445,1,0,1,"10.84.42.134"
"1495470536.000",82,0,82,"136.98.182.1",445,1,0,1,"10.84.42.134"
"1495470536.000",82,0,82,"136.98.181.1",445,1,0,1,"10.84.42.134"
"1495470505.000",2070,1154,916,"10.83.68.49",445,16,6,10,"10.84.42.134"
"1495470505.000",422,212,210,"10.83.68.49",445,7,3,4,"10.84.42.134"
"1495470504.000",2070,1154,916,"10.83.68.49",445,16,6,10,"10.84.42.134"
"1495470504.000",2070,1154,916,"10.83.14.42",445,16,6,10,"10.84.42.134"
"1495470504.000",2070,1154,916,"10.83.14.42",445,16,6,10,"10.84.42.134"
"1495470504.000",422,212,210,"10.83.68.49",445,7,3,4,"10.84.42.134"
"1495470504.000",422,212,210,"10.83.14.42",445,7,3,4,"10.84.42.134"
"1495470504.000",2070,1154,916,"10.83.14.42",445,16,6,10,"10.84.42.134"
"1495470504.000",422,212,210,"10.83.68.49",445,7,3,4,"10.84.42.134"
"1495470504.000",422,212,210,"10.83.14.42",445,7,3,4,"10.84.42.134"
"1495470504.000",2070,1154,916,"10.83.68.49",445,16,6,10,"10.84.42.134"
"1495470504.000",422,212,210,"10.83.14.42",445,7,3,4,"10.84.42.134"
"1495470500.000",82,0,82,"136.98.181.1",445,1,0,1,"10.84.42.134"
"1495470500.000",82,0,82,"136.98.182.1",445,1,0,1,"10.84.42.134"
"1495470498.000",2070,1154,916,"10.83.14.42",445,16,6,10,"10.84.42.134"
"1495470498.000",2070,1154,916,"10.83.68.49",445,16,6,10,"10.84.42.134"
"1495470498.000",422,212,210,"10.83.14.42",445,7,3,4,"10.84.42.134"
"1495470498.000",422,212,210,"10.83.68.49",445,7,3,4,"10.84.42.134"
"1495470496.000",82,0,82,"136.98.182.1",445,1,0,1,"10.84.42.134"
"1495470496.000",82,0,82,"136.98.181.1",445,1,0,1,"10.84.42.134"
"1495470494.000",82,0,82,"136.98.182.1",445,1,0,1,"10.84.42.134"
"1495470494.000",82,0,82,"136.98.182.1",445,1,0,1,"10.84.42.134"
"1495470494.000",82,0,82,"136.98.181.1",445,1,0,1,"10.84.42.134"
"1495470494.000",82,0,82,"136.98.181.1",445,1,0,1,"10.84.42.134"
"1495470390.000",422,212,210,"10.83.68.49",445,7,3,4,"10.84.42.134"
"1495470389.000",422,212,210,"10.83.68.49",445,7,3,4,"10.84.42.134"
"1495470389.000",2070,1154,916,"10.83.68.49",445,16,6,10,"10.84.42.134"
"1495470388.000",2070,1154,916,"10.83.14.42",445,16,6,10,"10.84.42.134"
"1495470387.000",282,142,140,"10.83.68.49",445,5,2,3,"10.84.42.134"
"1495470387.000",2070,1154,916,"10.83.68.49",445,16,6,10,"10.84.42.134"
"1495470387.000",422,212,210,"10.83.14.42",445,7,3,4,"10.84.42.134"
"1495470387.000",2070,1154,916,"10.83.14.42",445,16,6,10,"10.84.42.134"
"1495470387.000",2070,1154,916,"10.83.68.49",445,16,6,10,"10.84.42.134"
"1495470387.000",422,212,210,"10.83.68.49",445,7,3,4,"10.84.42.134"
"1495470386.000",422,212,210,"10.83.14.42",445,7,3,4,"10.84.42.134"
"1495470386.000",2070,1154,916,"10.83.14.42",445,16,6,10,"10.84.42.134"
"1495470385.000",282,142,140,"10.83.14.42",445,5,2,3,"10.84.42.134"
"1495470384.000",2056,1140,916,"10.83.65.91",445,16,6,10,"10.84.42.134"
"1495470384.000",286,146,140,"10.83.65.91",445,5,2,3,"10.84.42.134"
"1495470383.000",422,212,210,"10.83.68.49",445,7,3,4,"10.84.42.134"
"1495470383.000",2070,1154,916,"10.83.68.49",445,16,6,10,"10.84.42.134"
"1495470383.000",422,212,210,"10.83.14.42",445,7,3,4,"10.84.42.134"
"1495470383.000",82,0,82,"136.98.181.1",445,1,0,1,"10.84.42.134"
"1495470383.000",2070,1154,916,"10.83.14.42",445,16,6,10,"10.84.42.134"
"1495470383.000",82,0,82,"136.98.182.1",445,1,0,1,"10.84.42.134"
"1495470304.000",82,0,82,"136.98.182.1",445,1,0,1,"10.84.42.134"
"1495470304.000",82,0,82,"136.98.181.1",445,1,0,1,"10.84.42.134"
"1495470302.000",82,0,82,"136.98.181.1",445,1,0,1,"10.84.42.134"
"1495470302.000",82,0,82,"136.98.181.1",445,1,0,1,"10.84.42.134"
"1495470302.000",82,0,82,"136.98.182.1",445,1,0,1,"10.84.42.134"
"1495470302.000",82,0,82,"136.98.182.1",445,1,0,1,"10.84.42.134"
"1495470300.000",82,0,82,"136.98.182.1",445,1,0,1,"10.84.42.134"
"1495470300.000",82,0,82,"136.98.181.1",445,1,0,1,"10.84.42.134"
"1495469878.000",138,78,60,"10.83.65.91",445,3,1,2,"10.84.42.134"
"1495469877.000",82,0,82,"136.98.182.1",445,2,0,2,"10.84.42.134"
"1495469877.000",282,142,140,"10.83.14.42",445,5,2,3,"10.84.42.134"
"1495469877.000",2070,1154,916,"10.83.68.49",445,16,6,10,"10.84.42.134"
"1495469877.000",422,212,210,"10.83.68.49",445,7,3,4,"10.84.42.134"
"1495469877.000",82,0,82,"136.98.181.1",445,2,0,2,"10.84.42.134"
"1495469877.000",2070,1154,916,"10.83.14.42",445,16,6,10,"10.84.42.134"
"1495469874.000",2070,1154,916,"10.83.14.42",445,16,6,10,"10.84.42.134"
"1495469874.000",2070,1154,916,"10.83.68.49",445,16,6,10,"10.84.42.134"
"1495469874.000",282,142,140,"10.83.14.42",445,5,2,3,"10.84.42.134"
"1495469874.000",422,212,210,"10.83.68.49",445,7,3,4,"10.84.42.134"
"1495469869.000",82,0,82,"136.98.182.1",445,2,0,2,"10.84.42.134"
"1495469869.000",82,0,82,"136.98.181.1",445,2,0,2,"10.84.42.134"
"1495469868.000",2070,1154,916,"10.83.14.42",445,16,6,10,"10.84.42.134"
"1495469868.000",282,142,140,"10.83.14.42",445,5,2,3,"10.84.42.134"
"1495469868.000",422,212,210,"10.83.68.49",445,7,3,4,"10.84.42.134"
"1495469868.000",2070,1154,916,"10.83.68.49",445,16,6,10,"10.84.42.134"
"1495469866.000",82,0,82,"136.98.181.1",445,2,0,2,"10.84.42.134"
"1495469866.000",82,0,82,"136.98.182.1",445,2,0,2,"10.84.42.134"
"1495469733.000",494,284,210,"10.83.65.91",445,8,4,4,"10.84.42.134"
"1495469722.000",1986,1140,846,"10.83.65.91",445,15,6,9,"10.84.42.134"
"1495469722.000",286,146,140,"10.83.65.91",445,5,2,3,"10.84.42.134"
"1495469402.000",1986,1140,846,"10.83.65.91",445,15,6,9,"10.84.42.134"
"1495469402.000",286,146,140,"10.83.65.91",445,5,2,3,"10.84.42.134"
"1495468580.000",2070,1154,916,"10.83.68.49",445,16,6,10,"10.84.42.134"
"1495468580.000",2070,1154,916,"10.83.68.49",445,16,6,10,"10.84.42.134"
"1495468580.000",422,212,210,"10.83.68.49",445,7,3,4,"10.84.42.134"
"1495468580.000",422,212,210,"10.83.68.49",445,7,3,4,"10.84.42.134"
"1495468577.000",422,212,210,"10.83.68.49",445,7,3,4,"10.84.42.134"
"1495468577.000",2070,1154,916,"10.83.68.49",445,16,6,10,"10.84.42.134"
"1495468575.000",2121,1205,916,"10.83.29.108",445,17,7,10,"10.84.42.134"
"1495468574.000",486,276,210,"10.83.29.108",445,8,4,4,"10.84.42.134"
"1495468570.000",82,0,82,"136.98.182.1",445,1,0,1,"10.84.42.134"
"1495468570.000",82,0,82,"136.98.181.1",445,1,0,1,"10.84.42.134"
"1495468367.000",2070,1154,916,"10.83.68.49",445,16,6,10,"10.84.42.134"
"1495468367.000",422,212,210,"10.83.68.49",445,7,3,4,"10.84.42.134"
"1495468354.000",2070,1154,916,"10.83.68.49",445,16,6,10,"10.84.42.134"
"1495468354.000",2070,1154,916,"10.83.68.49",445,16,6,10,"10.84.42.134"
"1495468354.000",422,212,210,"10.83.68.49",445,7,3,4,"10.84.42.134"
"1495468354.000",422,212,210,"10.83.68.49",445,7,3,4,"10.84.42.134"
"1495468353.000",422,212,210,"10.83.68.49",445,7,3,4,"10.84.42.134"
"1495468353.000",2070,1154,916,"10.83.68.49",445,16,6,10,"10.84.42.134"
"1495468350.000",2070,1154,916,"10.83.68.49",445,16,6,10,"10.84.42.134"
"1495468350.000",422,212,210,"10.83.68.49",445,7,3,4,"10.84.42.134"
"1495468344.000",82,0,82,"136.98.181.1",445,1,0,1,"10.84.42.134"
"1495468344.000",82,0,82,"136.98.182.1",445,1,0,1,"10.84.42.134"
"1495468344.000",82,0,82,"136.98.182.1",445,1,0,1,"10.84.42.134"
"1495468344.000",82,0,82,"136.98.181.1",445,1,0,1,"10.84.42.134"
"1495468343.000",82,0,82,"136.98.182.1",445,1,0,1,"10.84.42.134"
"1495468343.000",82,0,82,"136.98.181.1",445,1,0,1,"10.84.42.134"
"1495468341.000",82,0,82,"136.98.181.1",445,1,0,1,"10.84.42.134"
"1495468341.000",82,0,82,"136.98.182.1",445,1,0,1,"10.84.42.134"
"1495467984.000",7563,2405,5158,"10.11.168.10",445,27,12,15,"10.84.42.134"
"1495467793.000",2070,1154,916,"10.83.68.49",445,16,6,10,"10.84.42.134"
"1495467793.000",422,212,210,"10.83.68.49",445,7,3,4,"10.84.42.134"
"1495467788.000",422,212,210,"10.83.68.49",445,7,3,4,"10.84.42.134"
"1495467524.000",138,78,60,"10.83.29.108",445,3,1,2,"10.84.42.134"
"1495467519.000",422,212,210,"10.83.68.49",445,7,3,4,"10.84.42.134"
"1495467519.000",2070,1154,916,"10.83.68.49",445,16,6,10,"10.84.42.134"
"1495467518.000",2070,1154,916,"10.83.68.49",445,16,6,10,"10.84.42.134"
"1495467518.000",422,212,210,"10.83.68.49",445,7,3,4,"10.84.42.134"
"1495467518.000",2070,1154,916,"10.83.68.49",445,16,6,10,"10.84.42.134"
"1495467518.000",422,212,210,"10.83.68.49",445,7,3,4,"10.84.42.134"
"1495467517.000",422,212,210,"10.83.68.49",445,7,3,4,"10.84.42.134"
"1495467517.000",2070,1154,916,"10.83.68.49",445,16,6,10,"10.84.42.134"
"1495456314.000",7501,2353,5148,"10.11.168.9",445,26,11,15,"10.84.42.134"
"1495454514.000",7501,2353,5148,"10.11.168.9",445,26,11,15,"10.84.42.134"
"1495444027.000",62,0,62,"10.68.34.5",445,1,0,1,"10.84.42.134"
"1495444027.000",62,0,62,"10.233.34.104",445,1,0,1,"10.84.42.134"
"1495444027.000",62,0,62,"10.145.253.11",445,1,0,1,"10.84.42.134"
"1495444027.000",62,0,62,"10.151.34.13",445,1,0,1,"10.84.42.134"
"1495444026.000",62,0,62,"10.160.14.11",445,1,0,1,"10.84.42.134"
"1495444025.000",62,0,62,"10.60.34.11",445,1,0,1,"10.84.42.134"
"1495444024.000",66,0,66,"10.233.34.104",445,1,0,1,"10.84.42.134"
"1495444024.000",66,0,66,"10.68.34.5",445,1,0,1,"10.84.42.134"
"1495444021.000",132,0,132,"10.145.253.11",445,2,0,2,"10.84.42.134"
"1495444021.000",132,0,132,"10.160.14.11",445,2,0,2,"10.84.42.134"
"1495436136.000",22765,8659,14106,"10.11.168.9",445,69,30,39,"10.84.42.134"
"1495427512.000",7565,2417,5148,"10.11.168.9",445,27,12,15,"10.84.42.134"
"1495426612.000",7501,2353,5148,"10.11.168.9",445,26,11,15,"10.84.42.134"
"1495416712.000",7565,2417,5148,"10.11.168.9",445,27,12,15,"10.84.42.134"
"1495471673.000",286,146,140,"10.83.65.91",445,5,2,3,"10.84.42.134"
"1495471673.000",2124,1208,916,"10.83.65.91",445,17,7,10,"10.84.42.134"
"1495471405.000",356,216,140,"10.83.65.91",445,6,3,3,"10.84.42.134"
"1495471405.000",1986,1140,846,"10.83.65.91",445,15,6,9,"10.84.42.134"
"1495471403.000",356,216,140,"10.83.65.91",445,6,3,3,"10.84.42.134"
"1495471403.000",1986,1140,846,"10.83.65.91",445,15,6,9,"10.84.42.134"
"1495471167.000",1986,1140,846,"10.83.65.91",445,15,6,9,"10.84.42.134"
"1495471167.000",1976,1130,846,"10.83.153.66",445,15,6,9,"10.84.42.134"
"1495471167.000",352,212,140,"10.83.153.66",445,6,3,3,"10.84.42.134"
"1495471167.000",286,146,140,"10.83.65.91",445,5,2,3,"10.84.42.134"
"1495471160.000",2070,1154,916,"10.83.68.49",445,16,6,10,"10.84.42.134"
"1495471160.000",2070,1154,916,"10.83.68.49",445,16,6,10,"10.84.42.134"
"1495471160.000",282,142,140,"10.83.68.49",445,5,2,3,"10.84.42.134"
"1495471160.000",2070,1154,916,"10.83.68.49",445,16,6,10,"10.84.42.134"
"1495471160.000",422,212,210,"10.83.68.49",445,7,3,4,"10.84.42.134"
"1495471160.000",422,212,210,"10.83.68.49",445,7,3,4,"10.84.42.134"
"1495471159.000",2070,1154,916,"10.83.68.49",445,16,6,10,"10.84.42.134"
"1495471159.000",422,212,210,"10.83.68.49",445,7,3,4,"10.84.42.134"
"1495471153.000",2070,1154,916,"10.83.68.49",445,16,6,10,"10.84.42.134"
"1495471153.000",422,212,210,"10.83.68.49",445,7,3,4,"10.84.42.134"
"1495470992.000",286,146,140,"10.83.65.91",445,5,2,3,"10.84.42.134"
"1495470853.000",1986,1140,846,"10.83.65.91",445,15,6,9,"10.84.42.134"
"1495470853.000",286,146,140,"10.83.65.91",445,5,2,3,"10.84.42.134"
"1495470849.000",138,78,60,"10.83.153.66",445,3,1,2,"10.84.42.134"
"1495470840.000",138,78,60,"10.83.65.91",445,3,1,2,"10.84.42.134"
"1495470838.000",2070,1154,916,"10.83.68.49",445,16,6,10,"10.84.42.134"
"1495470837.000",2070,1154,916,"10.83.68.49",445,16,6,10,"10.84.42.134"
"1495470837.000",282,142,140,"10.83.68.49",445,5,2,3,"10.84.42.134"
"1495470837.000",422,212,210,"10.83.68.49",445,7,3,4,"10.84.42.134"
"1495470837.000",2070,1154,916,"10.83.68.49",445,16,6,10,"10.84.42.134"
"1495470837.000",2070,1154,916,"10.83.68.49",445,16,6,10,"10.84.42.134"
"1495470837.000",282,142,140,"10.83.68.49",445,5,2,3,"10.84.42.134"
"1495470836.000",422,212,210,"10.83.68.49",445,7,3,4,"10.84.42.134"
"1495470602.000",356,216,140,"10.83.65.91",445,6,3,3,"10.84.42.134"
"1495470602.000",1986,1140,846,"10.83.65.91",445,15,6,9,"10.84.42.134"
"1495470600.000",35201,16769,18432,"10.11.168.9",445,122,57,65,"10.84.42.134"
"1495470592.000",2070,1154,916,"10.83.68.49",445,16,6,10,"10.84.42.134"
"1495470592.000",422,212,210,"10.83.68.49",445,7,3,4,"10.84.42.134"
"1495470592.000",2070,1154,916,"10.83.14.42",445,16,6,10,"10.84.42.134"
"1495470592.000",422,212,210,"10.83.14.42",445,7,3,4,"10.84.42.134"
"1495470508.000",2070,1154,916,"10.83.14.42",445,16,6,10,"10.84.42.134"
"1495470508.000",422,212,210,"10.83.68.49",445,7,3,4,"10.84.42.134"
"1495470508.000",2070,1154,916,"10.83.68.49",445,16,6,10,"10.84.42.134"
"1495470508.000",422,212,210,"10.83.14.42",445,7,3,4,"10.84.42.134"
"1495470317.000",2070,1154,916,"10.83.68.49",445,16,6,10,"10.84.42.134"
"1495470317.000",2070,1154,916,"10.83.14.42",445,16,6,10,"10.84.42.134"
"1495470317.000",282,142,140,"10.83.14.42",445,5,2,3,"10.84.42.134"
"1495470317.000",282,142,140,"10.83.68.49",445,5,2,3,"10.84.42.134"
"1495470314.000",422,212,210,"10.83.68.49",445,7,3,4,"10.84.42.134"
"1495470312.000",2070,1154,916,"10.83.14.42",445,16,6,10,"10.84.42.134"
"1495470312.000",422,212,210,"10.83.14.42",445,7,3,4,"10.84.42.134"
"1495470312.000",2070,1154,916,"10.83.68.49",445,16,6,10,"10.84.42.134"
"1495470312.000",2070,1154,916,"10.83.14.42",445,16,6,10,"10.84.42.134"
"1495470312.000",422,212,210,"10.83.68.49",445,7,3,4,"10.84.42.134"
"1495470312.000",282,142,140,"10.83.14.42",445,5,2,3,"10.84.42.134"
"1495470311.000",422,212,210,"10.83.14.42",445,7,3,4,"10.84.42.134"
"1495470311.000",2070,1154,916,"10.83.68.49",445,16,6,10,"10.84.42.134"
"1495470311.000",2070,1154,916,"10.83.14.42",445,16,6,10,"10.84.42.134"
"1495470311.000",422,212,210,"10.83.68.49",445,7,3,4,"10.84.42.134"
"1495470310.000",282,142,140,"10.83.14.42",445,5,2,3,"10.84.42.134"
"1495470310.000",422,212,210,"10.83.68.49",445,7,3,4,"10.84.42.134"
"1495470310.000",2070,1154,916,"10.83.14.42",445,16,6,10,"10.84.42.134"
"1495470310.000",2070,1154,916,"10.83.68.49",445,16,6,10,"10.84.42.134"
"1495469967.000",1986,1140,846,"10.83.65.91",445,15,6,9,"10.84.42.134"
"1495469966.000",356,216,140,"10.83.65.91",445,6,3,3,"10.84.42.134"
"1495469961.000",1986,1140,846,"10.83.65.91",445,15,6,9,"10.84.42.134"
"1495469961.000",356,216,140,"10.83.65.91",445,6,3,3,"10.84.42.134"
"1495469861.000",82,0,82,"136.98.182.1",445,2,0,2,"10.84.42.134"
"1495469861.000",82,0,82,"136.98.181.1",445,2,0,2,"10.84.42.134"
"1495469563.000",7444,2347,5097,"10.11.168.9",445,26,11,15,"10.84.42.134"
"1495469562.000",1986,1140,846,"10.83.65.91",445,15,6,9,"10.84.42.134"
"1495469562.000",286,146,140,"10.83.65.91",445,5,2,3,"10.84.42.134"
"1495469283.000",1986,1140,846,"10.83.65.91",445,15,6,9,"10.84.42.134"
"1495469283.000",286,146,140,"10.83.65.91",445,5,2,3,"10.84.42.134"
"1495469282.000",1986,1140,846,"10.83.65.91",445,15,6,9,"10.84.42.134"
"1495469138.000",286,146,140,"10.83.65.91",445,5,2,3,"10.84.42.134"
"1495469137.000",1986,1140,846,"10.83.65.91",445,15,6,9,"10.84.42.134"
"1495469137.000",356,216,140,"10.83.65.91",445,6,3,3,"10.84.42.134"
"1495469130.000",1986,1140,846,"10.83.65.91",445,15,6,9,"10.84.42.134"
"1495469130.000",286,146,140,"10.83.65.91",445,5,2,3,"10.84.42.134"
"1495469125.000",286,146,140,"10.83.65.91",445,5,2,3,"10.84.42.134"
"1495469125.000",2124,1208,916,"10.83.65.91",445,17,7,10,"10.84.42.134"
"1495467884.000",2070,1154,916,"10.83.68.49",445,16,6,10,"10.84.42.134"
"1495467884.000",422,212,210,"10.83.68.49",445,7,3,4,"10.84.42.134"
"1495467884.000",2070,1154,916,"10.83.68.49",445,16,6,10,"10.84.42.134"
"1495467884.000",422,212,210,"10.83.68.49",445,7,3,4,"10.84.42.134"
"1495467883.000",2070,1154,916,"10.83.68.49",445,16,6,10,"10.84.42.134"
"1495467883.000",422,212,210,"10.83.68.49",445,7,3,4,"10.84.42.134"
"1495467882.000",422,212,210,"10.83.68.49",445,7,3,4,"10.84.42.134"
"1495467882.000",2070,1154,916,"10.83.68.49",445,16,6,10,"10.84.42.134"
"1495467870.000",2070,1154,916,"10.83.68.49",445,16,6,10,"10.84.42.134"
"1495467870.000",422,212,210,"10.83.68.49",445,7,3,4,"10.84.42.134"
"1495467289.000",2008,1162,846,"10.83.3.150",445,15,6,9,"10.84.42.134"
"1495467289.000",282,142,140,"10.83.3.150",445,5,2,3,"10.84.42.134"
"1495467288.000",282,142,140,"10.83.29.108",445,5,2,3,"10.84.42.134"
"1495467288.000",1987,1141,846,"10.83.29.108",445,15,6,9,"10.84.42.134"
"1495467278.000",282,142,140,"10.83.29.108",445,5,2,3,"10.84.42.134"
"1495467276.000",486,276,210,"10.83.204.210",445,8,4,4,"10.84.42.134"
"1495467276.000",2138,1222,916,"10.83.204.210",445,17,7,10,"10.84.42.134"
"1495467252.000",1987,1141,846,"10.83.29.108",445,15,6,9,"10.84.42.134"
"1495467252.000",2004,1158,846,"10.83.204.210",445,15,6,9,"10.84.42.134"
"1495467252.000",282,142,140,"10.83.204.210",445,5,2,3,"10.84.42.134"
"1495467252.000",282,142,140,"10.83.29.108",445,5,2,3,"10.84.42.134"
"1495467252.000",2008,1162,846,"10.83.3.150",445,15,6,9,"10.84.42.134"
"1495467252.000",282,142,140,"10.83.3.150",445,5,2,3,"10.84.42.134"
"1495465803.000",13362,5375,7987,"10.11.168.10",445,89,33,56,"10.84.42.134"
"1495462614.000",7501,2353,5148,"10.11.168.9",445,26,11,15,"10.84.42.134"
"1495451814.000",7501,2353,5148,"10.11.168.9",445,26,11,15,"10.84.42.134"
"1495450014.000",7501,2353,5148,"10.11.168.9",445,26,11,15,"10.84.42.134"
"1495444203.000",13362,5375,7987,"10.11.168.10",445,89,33,56,"10.84.42.134"
"1495444019.000",132,0,132,"10.60.34.11",445,2,0,2,"10.84.42.134"
"1495444018.000",140,0,140,"10.68.34.5",445,2,0,2,"10.84.42.134"
"1495444018.000",140,0,140,"10.233.34.104",445,2,0,2,"10.84.42.134"
"1495444018.000",62,0,62,"10.145.42.30",445,1,0,1,"10.84.42.134"
"1495444017.000",12428,0,12428,"10.14.34.25",445,192,0,192,"10.84.42.134"
"1495444012.000",12978,0,12978,"10.14.34.25",445,189,0,189,"10.84.42.134"
"1495444006.000",62,0,62,"10.14.34.25",445,1,0,1,"10.84.42.134"
"1495444005.000",62,0,62,"10.191.66.11",445,1,0,1,"10.84.42.134"
"1495444005.000",62,0,62,"10.145.42.26",445,1,0,1,"10.84.42.134"
"1495444005.000",62,0,62,"10.191.66.12",445,1,0,1,"10.84.42.134"
"1495444005.000",62,0,62,"10.60.34.12",445,1,0,1,"10.84.42.134"
"1495444005.000",62,0,62,"10.68.34.4",445,1,0,1,"10.84.42.134"
"1495444004.000",62,0,62,"10.191.11.12",445,1,0,1,"10.84.42.134"
"1495444003.000",66,0,66,"10.68.34.4",445,1,0,1,"10.84.42.134"
"1495440113.000",7501,2353,5148,"10.11.168.9",445,26,11,15,"10.84.42.134"
"1495431113.000",7881,2663,5218,"10.11.168.9",445,28,12,16,"10.84.42.134"
"1495430213.000",7501,2353,5148,"10.11.168.9",445,26,11,15,"10.84.42.134"
"1495428759.000",14773,5330,9443,"10.11.168.9",445,56,26,30,"10.84.42.134"
"1495413112.000",7565,2417,5148,"10.11.168.9",445,27,12,15,"10.84.42.134"
"1495491405.000",6575,1951,4624,"10.11.168.9",445,25,11,14,"10.84.42.134"
"1495491386.000",7505,2347,5158,"10.11.168.10",445,26,11,15,"10.84.42.134"
"1495491035.000",8025,2701,5324,"10.11.168.10",445,28,12,16,"10.84.42.134"
"1495490783.000",7440,2347,5093,"10.11.168.10",445,26,11,15,"10.84.42.134"
"1495490732.000",13538,6043,7495,"10.11.168.180",445,63,30,33,"10.84.42.134"
"1495490598.000",8044,2701,5343,"10.11.168.10",445,29,12,17,"10.84.42.134"
"1495490363.000",492,0,492,"136.98.149.1",445,7,0,7,"10.84.42.134"
"1495490363.000",492,0,492,"10.125.242.1",445,7,0,7,"10.84.42.134"
"1495490363.000",492,0,492,"136.98.100.1",445,7,0,7,"10.84.42.134"
"1495490192.000",492,0,492,"136.98.100.1",445,7,0,7,"10.84.42.134"
"1495490192.000",492,0,492,"10.125.242.1",445,7,0,7,"10.84.42.134"
"1495490192.000",492,0,492,"136.98.149.1",445,7,0,7,"10.84.42.134"
"1495490078.000",492,0,492,"136.98.100.1",445,7,0,7,"10.84.42.134"
"1495490078.000",492,0,492,"136.98.149.1",445,7,0,7,"10.84.42.134"
"1495490072.000",107412,44600,62812,"10.11.168.180",445,468,224,244,"10.84.42.134"
"1495490031.000",492,0,492,"136.98.149.1",445,7,0,7,"10.84.42.134"
"1495490031.000",492,0,492,"136.98.100.1",445,7,0,7,"10.84.42.134"
"1495489840.000",492,0,492,"10.125.242.1",445,7,0,7,"10.84.42.134"
"1495489806.000",7420,2347,5073,"10.11.168.9",445,26,11,15,"10.84.42.134"
"1495489542.000",492,0,492,"136.98.100.1",445,7,0,7,"10.84.42.134"
"1495489542.000",492,0,492,"10.125.242.1",445,7,0,7,"10.84.42.134"
"1495489533.000",21997,10210,11787,"10.11.168.180",445,116,56,60,"10.84.42.134"
"1495489524.000",492,0,492,"136.98.149.1",445,7,0,7,"10.84.42.134"
"1495489524.000",492,0,492,"10.125.242.1",445,7,0,7,"10.84.42.134"
"1495489524.000",492,0,492,"136.98.100.1",445,7,0,7,"10.84.42.134"
"1495489515.000",2000,1154,846,"10.83.22.26",445,15,6,9,"10.84.42.134"
"1495489514.000",2134,1218,916,"10.83.22.26",445,17,7,10,"10.84.42.134"
"1495489514.000",282,142,140,"10.83.22.26",445,5,2,3,"10.84.42.134"
"1495489514.000",282,142,140,"10.83.22.26",445,5,2,3,"10.84.42.134"
"1495489512.000",492,0,492,"10.125.242.1",445,7,0,7,"10.84.42.134"
"1495489512.000",492,0,492,"10.125.242.1",445,7,0,7,"10.84.42.134"
"1495489512.000",492,0,492,"136.98.149.1",445,7,0,7,"10.84.42.134"
"1495489512.000",492,0,492,"136.98.100.1",445,7,0,7,"10.84.42.134"
"1495489512.000",492,0,492,"136.98.149.1",445,7,0,7,"10.84.42.134"
"1495489512.000",492,0,492,"136.98.100.1",445,7,0,7,"10.84.42.134"
"1495489511.000",2000,1154,846,"10.83.22.26",445,15,6,9,"10.84.42.134"
"1495489511.000",282,142,140,"10.83.22.26",445,5,2,3,"10.84.42.134"
"1495489406.000",492,0,492,"136.98.149.1",445,7,0,7,"10.84.42.134"
"1495489406.000",492,0,492,"10.125.242.1",445,7,0,7,"10.84.42.134"
"1495489405.000",492,0,492,"10.125.242.1",445,7,0,7,"10.84.42.134"
"1495489401.000",492,0,492,"10.125.242.1",445,7,0,7,"10.84.42.134"
"1495489401.000",492,0,492,"136.98.100.1",445,7,0,7,"10.84.42.134"
"1495489401.000",492,0,492,"136.98.149.1",445,7,0,7,"10.84.42.134"
"1495489021.000",492,0,492,"136.98.149.1",445,7,0,7,"10.84.42.134"
"1495489021.000",492,0,492,"10.125.242.1",445,7,0,7,"10.84.42.134"
"1495489021.000",492,0,492,"136.98.100.1",445,7,0,7,"10.84.42.134"
"1495488910.000",7093,2167,4926,"10.11.168.9",445,26,11,15,"10.84.42.134"
"1495487934.000",10060,4506,5554,"10.11.168.180",445,48,22,26,"10.84.42.134"
"1495487814.000",10130,4506,5624,"10.11.168.180",445,49,22,27,"10.84.42.134"
"1495487217.000",6471,1822,4649,"10.11.168.9",445,22,9,13,"10.84.42.134"
"1495487200.000",12020,4391,7629,"10.11.168.9",445,51,23,28,"10.84.42.134"
"1495487200.000",16839,7445,9394,"10.11.168.180",445,78,37,41,"10.84.42.134"
"1495487154.000",10060,4506,5554,"10.11.168.180",445,48,22,26,"10.84.42.134"
"1495486655.000",33220,14665,18555,"10.11.168.180",445,165,79,86,"10.84.42.134"
"1495486655.000",8085,2701,5384,"10.11.168.9",445,29,12,17,"10.84.42.134"
"1495486350.000",492,0,492,"136.98.149.1",445,7,0,7,"10.84.42.134"
"1495486350.000",492,0,492,"136.98.100.1",445,7,0,7,"10.84.42.134"
"1495486350.000",492,0,492,"10.125.242.1",445,7,0,7,"10.84.42.134"
"1495486008.000",10118,4564,5554,"10.11.168.180",445,49,23,26,"10.84.42.134"
"1495485811.000",492,0,492,"10.125.242.1",445,7,0,7,"10.84.42.134"
"1495485811.000",492,0,492,"136.98.100.1",445,7,0,7,"10.84.42.134"
"1495485811.000",492,0,492,"136.98.149.1",445,7,0,7,"10.84.42.134"
"1495485768.000",10118,4564,5554,"10.11.168.180",445,49,23,26,"10.84.42.134"
"1495485448.000",492,0,492,"10.125.242.1",445,7,0,7,"10.84.42.134"
"1495485448.000",492,0,492,"136.98.100.1",445,7,0,7,"10.84.42.134"
"1495485448.000",492,0,492,"136.98.149.1",445,7,0,7,"10.84.42.134"
"1495485408.000",26499,11880,14619,"10.11.168.180",445,123,59,64,"10.84.42.134"
"1495485396.000",217000,113374,103626,"10.11.168.10",445,790,389,401,"10.84.42.134"
"1495485058.000",492,0,492,"136.98.100.1",445,7,0,7,"10.84.42.134"
"1495485058.000",492,0,492,"10.125.242.1",445,7,0,7,"10.84.42.134"
"1495485058.000",492,0,492,"136.98.149.1",445,7,0,7,"10.84.42.134"
"1495485050.000",492,0,492,"136.98.100.1",445,7,0,7,"10.84.42.134"
"1495485050.000",492,0,492,"10.125.242.1",445,7,0,7,"10.84.42.134"
"1495485050.000",492,0,492,"136.98.149.1",445,7,0,7,"10.84.42.134"
"1495485048.000",10060,4506,5554,"10.11.168.180",445,48,22,26,"10.84.42.134"
"1495484928.000",10000,4506,5494,"10.11.168.180",445,47,22,25,"10.84.42.134"
"1495484920.000",492,0,492,"10.125.242.1",445,7,0,7,"10.84.42.134"
"1495484920.000",492,0,492,"136.98.100.1",445,7,0,7,"10.84.42.134"
"1495484920.000",492,0,492,"136.98.149.1",445,7,0,7,"10.84.42.134"
"1495484508.000",10118,4564,5554,"10.11.168.180",445,49,23,26,"10.84.42.134"
"1495484491.000",492,0,492,"136.98.149.1",445,7,0,7,"10.84.42.134"
"1495484491.000",492,0,492,"136.98.100.1",445,7,0,7,"10.84.42.134"
"1495484481.000",574,0,574,"136.98.100.1",445,8,0,8,"10.84.42.134"
"1495484481.000",574,0,574,"136.98.149.1",445,8,0,8,"10.84.42.134"
"1495484388.000",10060,4506,5554,"10.11.168.180",445,48,22,26,"10.84.42.134"
"1495484382.000",7496,2404,5092,"10.11.168.9",445,27,12,15,"10.84.42.134"
"1495484378.000",492,0,492,"10.125.242.1",445,7,0,7,"10.84.42.134"
"1495484378.000",492,0,492,"136.98.149.1",445,7,0,7,"10.84.42.134"
"1495484378.000",492,0,492,"136.98.100.1",445,7,0,7,"10.84.42.134"
"1495484148.000",10060,4506,5554,"10.11.168.180",445,48,22,26,"10.84.42.134"
"1495484146.000",492,0,492,"136.98.100.1",445,7,0,7,"10.84.42.134"
"1495484146.000",492,0,492,"136.98.149.1",445,7,0,7,"10.84.42.134"
"1495484143.000",574,0,574,"136.98.100.1",445,8,0,8,"10.84.42.134"
"1495484143.000",574,0,574,"136.98.149.1",445,8,0,8,"10.84.42.134"
"1495483968.000",10118,4564,5554,"10.11.168.180",445,49,23,26,"10.84.42.134"
"1495483966.000",574,0,574,"136.98.149.1",445,8,0,8,"10.84.42.134"
"1495483966.000",574,0,574,"136.98.100.1",445,8,0,8,"10.84.42.134"
"1495483888.000",492,0,492,"10.125.242.1",445,7,0,7,"10.84.42.134"
"1495483888.000",492,0,492,"136.98.100.1",445,7,0,7,"10.84.42.134"
"1495483887.000",492,0,492,"10.125.242.1",445,7,0,7,"10.84.42.134"
"1495483887.000",492,0,492,"136.98.149.1",445,7,0,7,"10.84.42.134"
"1495483887.000",492,0,492,"136.98.100.1",445,7,0,7,"10.84.42.134"
"1495483257.000",492,0,492,"136.98.100.1",445,7,0,7,"10.84.42.134"
"1495483257.000",492,0,492,"136.98.149.1",445,7,0,7,"10.84.42.134"
"1495483257.000",492,0,492,"10.125.242.1",445,7,0,7,"10.84.42.134"
"1495483248.000",10060,4506,5554,"10.11.168.180",445,48,22,26,"10.84.42.134"
"1495483235.000",492,0,492,"136.98.100.1",445,7,0,7,"10.84.42.134"
"1495483235.000",492,0,492,"10.125.242.1",445,7,0,7,"10.84.42.134"
"1495483235.000",492,0,492,"136.98.149.1",445,7,0,7,"10.84.42.134"
"1495483171.000",492,0,492,"10.125.242.1",445,7,0,7,"10.84.42.134"
"1495483171.000",492,0,492,"136.98.100.1",445,7,0,7,"10.84.42.134"
"1495483171.000",492,0,492,"136.98.149.1",445,7,0,7,"10.84.42.134"
"1495483068.000",10060,4506,5554,"10.11.168.180",445,48,22,26,"10.84.42.134"
"1495483060.000",16912,7542,9370,"10.11.168.180",445,85,40,45,"10.84.42.134"
"1495483060.000",6388,1882,4506,"10.11.168.10",445,22,10,12,"10.84.42.134"
"1495483055.000",141816,76853,64963,"10.11.168.10",445,529,259,270,"10.84.42.134"
"1495483038.000",6907,3104,3803,"10.11.168.180",445,34,15,19,"10.84.42.134"
"1495483038.000",10807,4989,5818,"10.11.168.180",445,48,23,25,"10.84.42.134"
"1495482772.000",492,0,492,"10.125.242.1",445,7,0,7,"10.84.42.134"
"1495482772.000",492,0,492,"136.98.100.1",445,7,0,7,"10.84.42.134"
"1495482772.000",492,0,492,"136.98.149.1",445,7,0,7,"10.84.42.134"
"1495482710.000",492,0,492,"10.125.242.1",445,7,0,7,"10.84.42.134"
"1495482710.000",492,0,492,"136.98.149.1",445,7,0,7,"10.84.42.134"
"1495482710.000",492,0,492,"136.98.100.1",445,7,0,7,"10.84.42.134"
"1495482708.000",10123,4569,5554,"10.11.168.180",445,49,23,26,"10.84.42.134"
"1495492697.000",6631,1881,4750,"10.11.168.9",445,24,10,14,"10.84.42.134"
"1495492722.000",356,216,140,"10.83.65.91",445,6,3,3,"10.83.84.244"
"1495492722.000",282,142,140,"10.83.185.183",445,5,2,3,"10.83.84.244"
"1495492722.000",1986,1140,846,"10.83.65.91",445,15,6,9,"10.83.84.244"
"1495492720.000",1987,1141,846,"10.83.65.81",445,15,6,9,"10.83.84.244"
"1495492720.000",282,142,140,"10.83.185.120",445,5,2,3,"10.83.84.244"
"1495492720.000",352,212,140,"10.83.65.81",445,6,3,3,"10.83.84.244"
"1495492720.000",1984,1138,846,"10.83.185.120",445,15,6,9,"10.83.84.244"
"1495492718.000",2241,1395,846,"10.83.242.92",445,15,6,9,"10.83.84.244"
"1495492718.000",352,212,140,"10.83.242.92",445,6,3,3,"10.83.84.244"
"1495492409.000",7442,2346,5096,"10.11.168.10",445,26,11,15,"10.84.42.134"
"1495492286.000",7505,2347,5158,"10.11.168.10",445,26,11,15,"10.84.42.134"
"1495492606.000",13415,6036,7379,"10.11.168.180",445,65,31,34,"10.84.42.134"
"1495492316.000",7501,2353,5148,"10.11.168.9",445,26,11,15,"10.84.42.134"
"1495491970.000",13522,6001,7521,"10.11.168.180",445,65,31,34,"10.84.42.134"
"1495491970.000",8025,2701,5324,"10.11.168.10",445,28,12,16,"10.84.42.134"
"1495491237.000",492,0,492,"136.98.100.1",445,7,0,7,"10.84.42.134"
"1495491237.000",492,0,492,"136.98.149.1",445,7,0,7,"10.84.42.134"
"1495491236.000",492,0,492,"136.98.100.1",445,7,0,7,"10.84.42.134"
"1495491236.000",492,0,492,"10.125.242.1",445,7,0,7,"10.84.42.134"
"1495491236.000",492,0,492,"136.98.149.1",445,7,0,7,"10.84.42.134"
"1495491147.000",2066,1150,916,"10.83.29.158",445,16,6,10,"10.84.42.134"
"1495491145.000",282,142,140,"10.83.29.158",445,5,2,3,"10.84.42.134"
"1495491145.000",2070,1154,916,"10.83.68.49",445,16,6,10,"10.84.42.134"
"1495491145.000",2066,1150,916,"10.83.29.158",445,16,6,10,"10.84.42.134"
"1495491145.000",2066,1150,916,"10.83.29.158",445,16,6,10,"10.84.42.134"
"1495491144.000",2066,1150,916,"10.83.29.158",445,16,6,10,"10.84.42.134"
"1495491144.000",2070,1154,916,"10.83.68.49",445,16,6,10,"10.84.42.134"
"1495491144.000",282,142,140,"10.83.29.158",445,5,2,3,"10.84.42.134"
"1495491144.000",422,212,210,"10.83.68.49",445,7,3,4,"10.84.42.134"
"1495491143.000",2070,1154,916,"10.83.68.49",445,16,6,10,"10.84.42.134"
"1495491143.000",2066,1150,916,"10.83.29.158",445,16,6,10,"10.84.42.134"
"1495491143.000",422,212,210,"10.83.68.49",445,7,3,4,"10.84.42.134"
"1495491141.000",282,142,140,"10.83.29.158",445,5,2,3,"10.84.42.134"
"1495491141.000",82,0,82,"186.214.252.94",445,2,0,2,"10.84.42.134"
"1495491140.000",82,0,82,"136.98.181.1",445,2,0,2,"10.84.42.134"
"1495491140.000",82,0,82,"10.157.36.22",445,2,0,2,"10.84.42.134"
"1495491140.000",82,0,82,"186.214.252.94",445,2,0,2,"10.84.42.134"
"1495491140.000",82,0,82,"136.98.182.1",445,2,0,2,"10.84.42.134"
"1495491139.000",82,0,82,"186.214.252.94",445,2,0,2,"10.84.42.134"
"1495491138.000",82,0,82,"10.157.36.22",445,2,0,2,"10.84.42.134"
"1495491138.000",82,0,82,"136.98.181.1",445,2,0,2,"10.84.42.134"
"1495491138.000",82,0,82,"186.214.252.94",445,2,0,2,"10.84.42.134"
"1495491138.000",82,0,82,"136.98.182.1",445,2,0,2,"10.84.42.134"
"1495491138.000",82,0,82,"136.98.182.1",445,2,0,2,"10.84.42.134"
"1495491138.000",82,0,82,"10.157.36.22",445,2,0,2,"10.84.42.134"
"1495491138.000",82,0,82,"136.98.181.1",445,2,0,2,"10.84.42.134"
"1495491137.000",82,0,82,"10.157.36.22",445,2,0,2,"10.84.42.134"
"1495491137.000",82,0,82,"136.98.182.1",445,2,0,2,"10.84.42.134"
"1495491137.000",82,0,82,"136.98.181.1",445,2,0,2,"10.84.42.134"
"1495491135.000",82,0,82,"136.98.182.1",445,2,0,2,"10.84.42.134"
"1495491135.000",82,0,82,"10.157.36.22",445,2,0,2,"10.84.42.134"
"1495491135.000",82,0,82,"136.98.181.1",445,2,0,2,"10.84.42.134"
"1495491133.000",492,0,492,"136.98.100.1",445,7,0,7,"10.84.42.134"
"1495491133.000",492,0,492,"136.98.149.1",445,7,0,7,"10.84.42.134"
"1495491133.000",492,0,492,"136.98.149.1",445,7,0,7,"10.84.42.134"
"1495491133.000",492,0,492,"136.98.100.1",445,7,0,7,"10.84.42.134"
"1495491133.000",492,0,492,"10.125.242.1",445,7,0,7,"10.84.42.134"
"1495491133.000",492,0,492,"10.125.242.1",445,7,0,7,"10.84.42.134"
"1495491132.000",82,0,82,"10.84.90.244",445,2,0,2,"10.84.42.134"
"1495491336.000",352,212,140,"10.83.22.26",445,6,3,3,"10.84.42.134"
"1495491336.000",2000,1154,846,"10.83.22.26",445,15,6,9,"10.84.42.134"
"1495491150.000",492,0,492,"10.125.242.1",445,7,0,7,"10.84.42.134"
"1495491150.000",492,0,492,"136.98.149.1",445,7,0,7,"10.84.42.134"
"1495491148.000",422,212,210,"10.83.68.49",445,7,3,4,"10.84.42.134"
"1495491148.000",2070,1154,916,"10.83.68.49",445,16,6,10,"10.84.42.134"
"1495491085.000",492,0,492,"136.98.149.1",445,7,0,7,"10.84.42.134"
"1495491085.000",492,0,492,"10.125.242.1",445,7,0,7,"10.84.42.134"
"1495491085.000",492,0,492,"136.98.100.1",445,7,0,7,"10.84.42.134"
"1495491084.000",492,0,492,"136.98.100.1",445,7,0,7,"10.84.42.134"
"1495491084.000",492,0,492,"136.98.149.1",445,7,0,7,"10.84.42.134"
"1495490279.000",492,0,492,"136.98.149.1",445,7,0,7,"10.84.42.134"
"1495490279.000",492,0,492,"136.98.100.1",445,7,0,7,"10.84.42.134"
"1495491357.000",352,212,140,"10.83.22.26",445,6,3,3,"10.84.42.134"
"1495491357.000",2000,1154,846,"10.83.22.26",445,15,6,9,"10.84.42.134"
"1495490793.000",6546,1881,4665,"10.11.168.9",445,24,10,14,"10.84.42.134"
"1495490551.000",7420,2347,5073,"10.11.168.9",445,26,11,15,"10.84.42.134"
"1495490523.000",6488,1823,4665,"10.11.168.9",445,23,9,14,"10.84.42.134"
"1495489892.000",492,0,492,"10.125.242.1",445,7,0,7,"10.84.42.134"
"1495489892.000",492,0,492,"136.98.149.1",445,7,0,7,"10.84.42.134"
"1495489892.000",492,0,492,"136.98.100.1",445,7,0,7,"10.84.42.134"
"1495489732.000",492,0,492,"136.98.100.1",445,7,0,7,"10.84.42.134"
"1495489732.000",492,0,492,"136.98.149.1",445,7,0,7,"10.84.42.134"
"1495489730.000",352,212,140,"10.83.22.26",445,6,3,3,"10.84.42.134"
"1495489730.000",2000,1154,846,"10.83.22.26",445,15,6,9,"10.84.42.134"
"1495489729.000",2000,1154,846,"10.83.22.26",445,15,6,9,"10.84.42.134"
"1495489729.000",282,142,140,"10.83.22.26",445,5,2,3,"10.84.42.134"
"1495489727.000",492,0,492,"136.98.100.1",445,7,0,7,"10.84.42.134"
"1495489727.000",492,0,492,"136.98.149.1",445,7,0,7,"10.84.42.134"
"1495489727.000",492,0,492,"10.125.242.1",445,7,0,7,"10.84.42.134"
"1495489650.000",282,142,140,"10.83.22.26",445,5,2,3,"10.84.42.134"
"1495489650.000",2134,1218,916,"10.83.22.26",445,17,7,10,"10.84.42.134"
"1495489647.000",492,0,492,"136.98.149.1",445,7,0,7,"10.84.42.134"
"1495489647.000",492,0,492,"10.125.242.1",445,7,0,7,"10.84.42.134"
"1495489643.000",2000,1154,846,"10.83.22.26",445,15,6,9,"10.84.42.134"
"1495490333.000",492,0,492,"136.98.100.1",445,7,0,7,"10.84.42.134"
"1495490333.000",492,0,492,"136.98.149.1",445,7,0,7,"10.84.42.134"
"1495490330.000",492,0,492,"10.125.242.1",445,7,0,7,"10.84.42.134"
"1495490330.000",492,0,492,"136.98.149.1",445,7,0,7,"10.84.42.134"
"1495490330.000",492,0,492,"136.98.100.1",445,7,0,7,"10.84.42.134"
"1495490227.000",492,0,492,"136.98.149.1",445,7,0,7,"10.84.42.134"
"1495490144.000",492,0,492,"10.125.242.1",445,7,0,7,"10.84.42.134"
"1495490144.000",492,0,492,"136.98.100.1",445,7,0,7,"10.84.42.134"
"1495490144.000",492,0,492,"136.98.149.1",445,7,0,7,"10.84.42.134"
"1495490143.000",492,0,492,"136.98.149.1",445,7,0,7,"10.84.42.134"
"1495490143.000",492,0,492,"10.125.242.1",445,7,0,7,"10.84.42.134"
"1495490143.000",492,0,492,"136.98.100.1",445,7,0,7,"10.84.42.134"
"1495490139.000",492,0,492,"136.98.149.1",445,7,0,7,"10.84.42.134"
"1495490139.000",492,0,492,"136.98.100.1",445,7,0,7,"10.84.42.134"
"1495490139.000",492,0,492,"10.125.242.1",445,7,0,7,"10.84.42.134"
"1495490131.000",492,0,492,"136.98.149.1",445,7,0,7,"10.84.42.134"
"1495490131.000",492,0,492,"136.98.100.1",445,7,0,7,"10.84.42.134"
"1495490131.000",492,0,492,"10.125.242.1",445,7,0,7,"10.84.42.134"
"1495490127.000",492,0,492,"136.98.149.1",445,7,0,7,"10.84.42.134"
"1495490127.000",492,0,492,"136.98.100.1",445,7,0,7,"10.84.42.134"
"1495489959.000",7502,2405,5097,"10.11.168.10",445,27,12,15,"10.84.42.134"
"1495489951.000",492,0,492,"136.98.100.1",445,7,0,7,"10.84.42.134"
"1495489951.000",492,0,492,"136.98.149.1",445,7,0,7,"10.84.42.134"
"1495489827.000",492,0,492,"136.98.149.1",445,7,0,7,"10.84.42.134"
"1495489817.000",492,0,492,"136.98.149.1",445,7,0,7,"10.84.42.134"
"1495489817.000",492,0,492,"10.125.242.1",445,7,0,7,"10.84.42.134"
"1495489817.000",492,0,492,"136.98.100.1",445,7,0,7,"10.84.42.134"
"1495489817.000",492,0,492,"136.98.100.1",445,7,0,7,"10.84.42.134"
"1495489817.000",492,0,492,"136.98.149.1",445,7,0,7,"10.84.42.134"
"1495489694.000",492,0,492,"10.125.242.1",445,7,0,7,"10.84.42.134"
"1495489694.000",492,0,492,"136.98.100.1",445,7,0,7,"10.84.42.134"
"1495489694.000",492,0,492,"136.98.149.1",445,7,0,7,"10.84.42.134"
"1495489693.000",2203,1236,967,"10.83.22.26",445,17,7,10,"10.84.42.134"
"1495489693.000",282,142,140,"10.83.22.26",445,5,2,3,"10.84.42.134"
"1495489691.000",492,0,492,"10.125.242.1",445,7,0,7,"10.84.42.134"
"1495489691.000",492,0,492,"136.98.100.1",445,7,0,7,"10.84.42.134"
"1495489691.000",492,0,492,"136.98.149.1",445,7,0,7,"10.84.42.134"
"1495489686.000",282,142,140,"10.83.22.26",445,5,2,3,"10.84.42.134"
"1495489686.000",2000,1154,846,"10.83.22.26",445,15,6,9,"10.84.42.134"
"1495489685.000",282,142,140,"10.83.22.26",445,5,2,3,"10.84.42.134"
"1495489685.000",2000,1154,846,"10.83.22.26",445,15,6,9,"10.84.42.134"
"1495489684.000",492,0,492,"136.98.149.1",445,7,0,7,"10.84.42.134"
"1495489684.000",492,0,492,"10.125.242.1",445,7,0,7,"10.84.42.134"
"1495489684.000",492,0,492,"136.98.100.1",445,7,0,7,"10.84.42.134"
"1495489682.000",492,0,492,"10.125.242.1",445,7,0,7,"10.84.42.134"
"1495489682.000",492,0,492,"136.98.100.1",445,7,0,7,"10.84.42.134"
"1495489682.000",492,0,492,"136.98.149.1",445,7,0,7,"10.84.42.134"
"1495489056.000",7502,2405,5097,"10.11.168.10",445,27,12,15,"10.84.42.134"
"1495488044.000",282,142,140,"10.83.3.141",445,5,2,3,"10.83.84.244"
"1495488044.000",1984,1138,846,"10.83.3.141",445,15,6,9,"10.83.84.244"
"1495488043.000",2250,1404,846,"10.83.185.183",445,15,6,9,"10.83.84.244"
"1495488043.000",356,216,140,"10.83.65.91",445,6,3,3,"10.83.84.244"
"1495488042.000",352,212,140,"10.83.65.81",445,6,3,3,"10.83.84.244"
"1495488042.000",1987,1141,846,"10.83.65.81",445,15,6,9,"10.83.84.244"
"1495487982.000",7438,2346,5092,"10.11.168.9",445,26,11,15,"10.84.42.134"
"1495487816.000",7501,2353,5148,"10.11.168.9",445,26,11,15,"10.84.42.134"
"1495487794.000",2563,1439,1124,"10.11.168.180",445,15,6,9,"10.84.42.134"
"1495487794.000",3963,1972,1991,"10.11.168.180",445,24,10,14,"10.84.42.134"
"1495487694.000",6907,3104,3803,"10.11.168.180",445,34,15,19,"10.84.42.134"
"1495487403.000",13362,5375,7987,"10.11.168.10",445,89,33,56,"10.84.42.134"
"1495486886.000",7505,2347,5158,"10.11.168.10",445,26,11,15,"10.84.42.134"
"1495486879.000",23941,10691,13250,"10.11.168.180",445,118,58,60,"10.84.42.134"
"1495486617.000",492,0,492,"136.98.149.1",445,7,0,7,"10.84.42.134"
"1495486617.000",492,0,492,"10.125.242.1",445,7,0,7,"10.84.42.134"
"1495486617.000",492,0,492,"136.98.100.1",445,7,0,7,"10.84.42.134"
"1495486331.000",6595,1881,4714,"10.11.168.10",445,25,10,15,"10.84.42.134"
"1495485918.000",10060,4506,5554,"10.11.168.180",445,48,22,26,"10.84.42.134"
"1495485678.000",7035,3232,3803,"10.11.168.180",445,36,17,19,"10.84.42.134"
"1495485665.000",492,0,492,"10.125.242.1",445,7,0,7,"10.84.42.134"
"1495485665.000",492,0,492,"136.98.100.1",445,7,0,7,"10.84.42.134"
"1495485665.000",492,0,492,"136.98.149.1",445,7,0,7,"10.84.42.134"
"1495485661.000",492,0,492,"136.98.100.1",445,7,0,7,"10.84.42.134"
"1495485661.000",492,0,492,"136.98.149.1",445,7,0,7,"10.84.42.134"
"1495485661.000",492,0,492,"10.125.242.1",445,7,0,7,"10.84.42.134"
"1495485250.000",492,0,492,"10.125.242.1",445,7,0,7,"10.84.42.134"
"1495485250.000",492,0,492,"136.98.100.1",445,7,0,7,"10.84.42.134"
"1495485250.000",492,0,492,"136.98.149.1",445,7,0,7,"10.84.42.134"
"1495485003.000",41695,27774,13921,"10.11.168.10",445,149,60,89,"10.84.42.134"
"1495484991.000",14292,4803,9489,"10.11.168.9",445,54,23,31,"10.84.42.134"
"1495484560.000",492,0,492,"10.125.242.1",445,7,0,7,"10.84.42.134"
"1495484560.000",492,0,492,"136.98.149.1",445,7,0,7,"10.84.42.134"
"1495484560.000",492,0,492,"136.98.100.1",445,7,0,7,"10.84.42.134"
"1495484538.000",10255,4641,5614,"10.11.168.180",445,50,23,27,"10.84.42.134"
"1495484438.000",492,0,492,"10.125.242.1",445,7,0,7,"10.84.42.134"
"1495484438.000",492,0,492,"136.98.100.1",445,7,0,7,"10.84.42.134"
"1495484438.000",492,0,492,"136.98.149.1",445,7,0,7,"10.84.42.134"
"1495484431.000",492,0,492,"10.125.242.1",445,7,0,7,"10.84.42.134"
"1495484431.000",492,0,492,"136.98.100.1",445,7,0,7,"10.84.42.134"
"1495484431.000",492,0,492,"136.98.149.1",445,7,0,7,"10.84.42.134"
"1495484429.000",492,0,492,"10.125.242.1",445,7,0,7,"10.84.42.134"
"1495484429.000",492,0,492,"136.98.100.1",445,7,0,7,"10.84.42.134"
"1495484429.000",492,0,492,"136.98.149.1",445,7,0,7,"10.84.42.134"
"1495484426.000",492,0,492,"136.98.149.1",445,7,0,7,"10.84.42.134"
"1495484426.000",492,0,492,"10.125.242.1",445,7,0,7,"10.84.42.134"
"1495484426.000",492,0,492,"136.98.100.1",445,7,0,7,"10.84.42.134"
"1495484423.000",492,0,492,"10.125.242.1",445,7,0,7,"10.84.42.134"
"1495484423.000",492,0,492,"136.98.100.1",445,7,0,7,"10.84.42.134"
"1495484423.000",492,0,492,"136.98.149.1",445,7,0,7,"10.84.42.134"
"1495484316.000",6467,1823,4644,"10.11.168.10",445,23,9,14,"10.84.42.134"
"1495484298.000",10060,4506,5554,"10.11.168.180",445,48,22,26,"10.84.42.134"
"1495484100.000",492,0,492,"10.125.242.1",445,7,0,7,"10.84.42.134"
"1495484100.000",492,0,492,"136.98.100.1",445,7,0,7,"10.84.42.134"
"1495484100.000",492,0,492,"136.98.149.1",445,7,0,7,"10.84.42.134"
"1495484097.000",492,0,492,"136.98.149.1",445,7,0,7,"10.84.42.134"
"1495484097.000",492,0,492,"136.98.100.1",445,7,0,7,"10.84.42.134"
"1495484092.000",492,0,492,"136.98.149.1",445,7,0,7,"10.84.42.134"
"1495484092.000",492,0,492,"10.125.242.1",445,7,0,7,"10.84.42.134"
"1495484002.000",492,0,492,"10.125.242.1",445,7,0,7,"10.84.42.134"
"1495484002.000",492,0,492,"136.98.100.1",445,7,0,7,"10.84.42.134"
"1495484002.000",492,0,492,"136.98.149.1",445,7,0,7,"10.84.42.134"
"1495483938.000",10123,4569,5554,"10.11.168.180",445,49,23,26,"10.84.42.134"
"1495483936.000",492,0,492,"10.125.242.1",445,7,0,7,"10.84.42.134"
"1495483936.000",492,0,492,"136.98.149.1",445,7,0,7,"10.84.42.134"
"1495483936.000",492,0,492,"136.98.100.1",445,7,0,7,"10.84.42.134"
"1495483935.000",492,0,492,"136.98.100.1",445,7,0,7,"10.84.42.134"
"1495483935.000",492,0,492,"10.125.242.1",445,7,0,7,"10.84.42.134"
"1495483935.000",492,0,492,"136.98.149.1",445,7,0,7,"10.84.42.134"
"1495483772.000",492,0,492,"136.98.149.1",445,7,0,7,"10.84.42.134"
"1495483772.000",492,0,492,"136.98.100.1",445,7,0,7,"10.84.42.134"
"1495483758.000",13140,5941,7199,"10.11.168.180",445,64,31,33,"10.84.42.134"
"1495483756.000",492,0,492,"136.98.100.1",445,7,0,7,"10.84.42.134"
"1495483756.000",492,0,492,"136.98.149.1",445,7,0,7,"10.84.42.134"
"1495483756.000",492,0,492,"10.125.242.1",445,7,0,7,"10.84.42.134"
"1495483608.000",492,0,492,"136.98.100.1",445,7,0,7,"10.84.42.134"
"1495483604.000",492,0,492,"10.125.242.1",445,7,0,7,"10.84.42.134"
"1495483604.000",492,0,492,"136.98.149.1",445,7,0,7,"10.84.42.134"
"1495483604.000",492,0,492,"136.98.100.1",445,7,0,7,"10.84.42.134"
"1495483598.000",492,0,492,"136.98.100.1",445,7,0,7,"10.84.42.134"
"1495483598.000",492,0,492,"136.98.149.1",445,7,0,7,"10.84.42.134"
"1495483598.000",492,0,492,"10.125.242.1",445,7,0,7,"10.84.42.134"
"1495483442.000",7444,2347,5097,"10.11.168.10",445,26,11,15,"10.84.42.134"
"1495483427.000",492,0,492,"136.98.100.1",445,7,0,7,"10.84.42.134"
"1495483427.000",492,0,492,"136.98.149.1",445,7,0,7,"10.84.42.134"
"1495483427.000",492,0,492,"10.125.242.1",445,7,0,7,"10.84.42.134"
"1495483228.000",492,0,492,"10.125.242.1",445,7,0,7,"10.84.42.134"
"1495483228.000",492,0,492,"136.98.149.1",445,7,0,7,"10.84.42.134"
"1495483228.000",492,0,492,"136.98.100.1",445,7,0,7,"10.84.42.134"
"1495482798.000",10118,4564,5554,"10.11.168.180",445,49,23,26,"10.84.42.134"
"1495482484.000",6541,2211,4330,"10.11.168.10",445,28,18,10,"10.84.42.134"
"1495482338.000",492,0,492,"10.125.242.1",445,7,0,7,"10.84.42.134"
"1495482338.000",492,0,492,"136.98.100.1",445,7,0,7,"10.84.42.134"
"1495490020.000",20237,9040,11197,"10.11.168.180",445,96,46,50,"10.84.42.134"
"1495489913.000",2134,1218,916,"10.83.22.26",445,17,7,10,"10.84.42.134"
"1495489911.000",492,0,492,"10.125.242.1",445,7,0,7,"10.84.42.134"
"1495489911.000",492,0,492,"136.98.149.1",445,7,0,7,"10.84.42.134"
"1495489911.000",492,0,492,"136.98.100.1",445,7,0,7,"10.84.42.134"
"1495489911.000",492,0,492,"136.98.100.1",445,7,0,7,"10.84.42.134"
"1495489911.000",492,0,492,"10.125.242.1",445,7,0,7,"10.84.42.134"
"1495489911.000",492,0,492,"136.98.149.1",445,7,0,7,"10.84.42.134"
"1495489911.000",282,142,140,"10.83.22.26",445,5,2,3,"10.84.42.134"
"1495489910.000",492,0,492,"136.98.100.1",445,7,0,7,"10.84.42.134"
"1495489910.000",492,0,492,"136.98.149.1",445,7,0,7,"10.84.42.134"
"1495489910.000",492,0,492,"10.125.242.1",445,7,0,7,"10.84.42.134"
"1495489616.000",7501,2353,5148,"10.11.168.9",445,26,11,15,"10.84.42.134"
"1495489421.000",492,0,492,"136.98.149.1",445,7,0,7,"10.84.42.134"
"1495489421.000",492,0,492,"10.125.242.1",445,7,0,7,"10.84.42.134"
"1495489421.000",492,0,492,"136.98.100.1",445,7,0,7,"10.84.42.134"
"1495489354.000",492,0,492,"136.98.100.1",445,7,0,7,"10.84.42.134"
"1495489354.000",492,0,492,"10.125.242.1",445,7,0,7,"10.84.42.134"
"1495489354.000",492,0,492,"136.98.149.1",445,7,0,7,"10.84.42.134"
"1495489341.000",2066,1150,916,"10.83.29.158",445,16,6,10,"10.84.42.134"
"1495489341.000",282,142,140,"10.83.29.158",445,5,2,3,"10.84.42.134"
"1495489340.000",422,212,210,"10.83.68.49",445,7,3,4,"10.84.42.134"
"1495489340.000",2066,1150,916,"10.83.29.158",445,16,6,10,"10.84.42.134"
"1495489340.000",2070,1154,916,"10.83.68.49",445,16,6,10,"10.84.42.134"
"1495489340.000",2070,1154,916,"10.83.68.49",445,16,6,10,"10.84.42.134"
"1495489340.000",282,142,140,"10.83.29.158",445,5,2,3,"10.84.42.134"
"1495489340.000",422,212,210,"10.83.68.49",445,7,3,4,"10.84.42.134"
"1495489339.000",2066,1150,916,"10.83.29.158",445,16,6,10,"10.84.42.134"
"1495489339.000",2070,1154,916,"10.83.68.49",445,16,6,10,"10.84.42.134"
"1495489339.000",282,142,140,"10.83.29.158",445,5,2,3,"10.84.42.134"
"1495489339.000",422,212,210,"10.83.68.49",445,7,3,4,"10.84.42.134"
"1495489203.000",16535,9183,7352,"10.11.168.10",445,77,31,46,"10.84.42.134"
"1495489098.000",6573,1823,4750,"10.11.168.9",445,23,9,14,"10.84.42.134"
"1495489004.000",492,0,492,"136.98.149.1",445,7,0,7,"10.84.42.134"
"1495489004.000",492,0,492,"136.98.100.1",445,7,0,7,"10.84.42.134"
"1495487844.000",10060,4506,5554,"10.11.168.180",445,48,22,26,"10.84.42.134"
"1495487724.000",16840,7484,9356,"10.11.168.180",445,84,39,45,"10.84.42.134"
"1495487048.000",8635,3005,5630,"10.11.168.180",445,35,16,19,"10.84.42.134"
"1495487016.000",6595,1881,4714,"10.11.168.10",445,25,10,15,"10.84.42.134"
"1495487007.000",159194,120992,38202,"10.188.60.18",445,369,175,194,"10.84.42.134"
"1495486955.000",16968,7580,9388,"10.11.168.180",445,80,38,42,"10.84.42.134"
"1495486916.000",7565,2417,5148,"10.11.168.9",445,27,12,15,"10.84.42.134"
"1495486759.000",26668,11739,14929,"10.11.168.180",445,127,62,65,"10.84.42.134"
"1495486475.000",7420,2347,5073,"10.11.168.9",445,26,11,15,"10.84.42.134"
"1495486106.000",47643,21086,26557,"10.11.168.180",445,245,118,127,"10.84.42.134"
"1495485828.000",10060,4506,5554,"10.11.168.180",445,48,22,26,"10.84.42.134"
"1495485802.000",492,0,492,"10.125.242.1",445,7,0,7,"10.84.42.134"
"1495485802.000",492,0,492,"136.98.149.1",445,7,0,7,"10.84.42.134"
"1495485802.000",492,0,492,"136.98.100.1",445,7,0,7,"10.84.42.134"
"1495485701.000",492,0,492,"136.98.100.1",445,7,0,7,"10.84.42.134"
"1495485701.000",492,0,492,"136.98.149.1",445,7,0,7,"10.84.42.134"
"1495485699.000",492,0,492,"136.98.149.1",445,7,0,7,"10.84.42.134"
"1495485699.000",492,0,492,"10.125.242.1",445,7,0,7,"10.84.42.134"
"1495485699.000",492,0,492,"136.98.100.1",445,7,0,7,"10.84.42.134"
"1495485696.000",492,0,492,"136.98.100.1",445,7,0,7,"10.84.42.134"
"1495485696.000",492,0,492,"136.98.149.1",445,7,0,7,"10.84.42.134"
"1495485696.000",492,0,492,"10.125.242.1",445,7,0,7,"10.84.42.134"
"1495485629.000",492,0,492,"136.98.149.1",445,7,0,7,"10.84.42.134"
"1495485629.000",492,0,492,"10.125.242.1",445,7,0,7,"10.84.42.134"
"1495485629.000",492,0,492,"136.98.100.1",445,7,0,7,"10.84.42.134"
"1495485083.000",492,0,492,"10.125.242.1",445,7,0,7,"10.84.42.134"
"1495485083.000",492,0,492,"136.98.149.1",445,7,0,7,"10.84.42.134"
"1495485083.000",492,0,492,"136.98.100.1",445,7,0,7,"10.84.42.134"
"1495485082.000",7485,2347,5138,"10.11.168.10",445,26,11,15,"10.84.42.134"
"1495485079.000",492,0,492,"136.98.100.1",445,7,0,7,"10.84.42.134"
"1495485079.000",492,0,492,"136.98.149.1",445,7,0,7,"10.84.42.134"
"1495485079.000",492,0,492,"10.125.242.1",445,7,0,7,"10.84.42.134"
"1495485077.000",6467,1823,4644,"10.11.168.10",445,23,9,14,"10.84.42.134"
"1495484669.000",492,0,492,"10.125.242.1",445,7,0,7,"10.84.42.134"
"1495484669.000",492,0,492,"136.98.100.1",445,7,0,7,"10.84.42.134"
"1495484669.000",492,0,492,"136.98.149.1",445,7,0,7,"10.84.42.134"
"1495484653.000",492,0,492,"136.98.100.1",445,7,0,7,"10.84.42.134"
"1495484653.000",492,0,492,"10.125.242.1",445,7,0,7,"10.84.42.134"
"1495484653.000",492,0,492,"136.98.149.1",445,7,0,7,"10.84.42.134"
"1495484619.000",6488,1823,4665,"10.11.168.9",445,23,9,14,"10.84.42.134"
"1495484605.000",492,0,492,"136.98.100.1",445,7,0,7,"10.84.42.134"
"1495484605.000",492,0,492,"136.98.149.1",445,7,0,7,"10.84.42.134"
"1495484605.000",492,0,492,"10.125.242.1",445,7,0,7,"10.84.42.134"
"1495484418.000",13603,6178,7425,"10.11.168.180",445,66,31,35,"10.84.42.134"
"1495483210.000",492,0,492,"136.98.149.1",445,7,0,7,"10.84.42.134"
"1495483210.000",492,0,492,"136.98.100.1",445,7,0,7,"10.84.42.134"
"1495483210.000",492,0,492,"10.125.242.1",445,7,0,7,"10.84.42.134"
"1495483105.000",492,0,492,"10.125.242.1",445,7,0,7,"10.84.42.134"
"1495483105.000",492,0,492,"136.98.149.1",445,7,0,7,"10.84.42.134"
"1495483105.000",492,0,492,"136.98.100.1",445,7,0,7,"10.84.42.134"
"1495483098.000",10313,4699,5614,"10.11.168.180",445,51,24,27,"10.84.42.134"
"1495483076.000",7238,3239,3999,"10.11.168.180",445,35,16,19,"10.84.42.134"
"1495482819.000",6488,1823,4665,"10.11.168.9",445,23,9,14,"10.84.42.134"
"1495482599.000",492,0,492,"10.125.242.1",445,7,0,7,"10.84.42.134"
"1495482599.000",492,0,492,"136.98.100.1",445,7,0,7,"10.84.42.134"
"1495482438.000",492,0,492,"136.98.100.1",445,7,0,7,"10.84.42.134"
"1495482438.000",492,0,492,"136.98.149.1",445,7,0,7,"10.84.42.134"
"1495482438.000",10118,4564,5554,"10.11.168.180",445,49,23,26,"10.84.42.134"
"1495482438.000",492,0,492,"10.125.242.1",445,7,0,7,"10.84.42.134"
"1495482275.000",492,0,492,"136.98.100.1",445,7,0,7,"10.84.42.134"
"1495482275.000",492,0,492,"136.98.149.1",445,7,0,7,"10.84.42.134"
"1495482275.000",492,0,492,"10.125.242.1",445,7,0,7,"10.84.42.134"
"1495482269.000",492,0,492,"10.125.242.1",445,7,0,7,"10.84.42.134"
"1495482269.000",492,0,492,"136.98.100.1",445,7,0,7,"10.84.42.134"
"1495482265.000",492,0,492,"136.98.100.1",445,7,0,7,"10.84.42.134"
"1495482265.000",492,0,492,"10.125.242.1",445,7,0,7,"10.84.42.134"
"1495482265.000",492,0,492,"136.98.149.1",445,7,0,7,"10.84.42.134"
"1495482237.000",492,0,492,"136.98.100.1",445,7,0,7,"10.84.42.134"
"1495482237.000",492,0,492,"10.125.242.1",445,7,0,7,"10.84.42.134"
"1495482237.000",492,0,492,"136.98.149.1",445,7,0,7,"10.84.42.134"
"1495482231.000",492,0,492,"10.125.242.1",445,7,0,7,"10.84.42.134"
"1495482217.000",492,0,492,"10.125.242.1",445,7,0,7,"10.84.42.134"
"1495482217.000",492,0,492,"136.98.100.1",445,7,0,7,"10.84.42.134"
"1495482217.000",492,0,492,"136.98.149.1",445,7,0,7,"10.84.42.134"
"1495481628.000",10118,4564,5554,"10.11.168.180",445,49,23,26,"10.84.42.134"
"1495489742.000",492,0,492,"136.98.149.1",445,7,0,7,"10.84.42.134"
"1495489742.000",492,0,492,"136.98.100.1",445,7,0,7,"10.84.42.134"
"1495489742.000",492,0,492,"10.125.242.1",445,7,0,7,"10.84.42.134"
"1495489697.000",2134,1218,916,"10.83.22.26",445,17,7,10,"10.84.42.134"
"1495489697.000",282,142,140,"10.83.22.26",445,5,2,3,"10.84.42.134"
"1495488750.000",16534,7310,9224,"10.11.168.180",445,77,36,41,"10.84.42.134"
"1495487664.000",6907,3104,3803,"10.11.168.180",445,34,15,19,"10.84.42.134"
"1495487519.000",149356,111254,38102,"10.188.60.18",445,364,181,183,"10.84.42.134"
"1495487231.000",6467,1823,4644,"10.11.168.10",445,23,9,14,"10.84.42.134"
"1495486094.000",6505,1881,4624,"10.11.168.9",445,24,10,14,"10.84.42.134"
"1495486076.000",6417,1823,4594,"10.11.168.10",445,23,9,14,"10.84.42.134"
"1495486038.000",10060,4506,5554,"10.11.168.180",445,48,22,26,"10.84.42.134"
"1495486023.000",6488,1823,4665,"10.11.168.9",445,23,9,14,"10.84.42.134"
"1495486016.000",7565,2417,5148,"10.11.168.9",445,27,12,15,"10.84.42.134"
"1495485751.000",492,0,492,"10.125.242.1",445,7,0,7,"10.84.42.134"
"1495485751.000",492,0,492,"136.98.100.1",445,7,0,7,"10.84.42.134"
"1495485751.000",492,0,492,"136.98.149.1",445,7,0,7,"10.84.42.134"
"1495485750.000",492,0,492,"136.98.100.1",445,7,0,7,"10.84.42.134"
"1495485750.000",492,0,492,"10.125.242.1",445,7,0,7,"10.84.42.134"
"1495485750.000",492,0,492,"136.98.149.1",445,7,0,7,"10.84.42.134"
"1495485749.000",492,0,492,"10.125.242.1",445,7,0,7,"10.84.42.134"
"1495485749.000",492,0,492,"136.98.149.1",445,7,0,7,"10.84.42.134"
"1495485749.000",492,0,492,"10.125.242.1",445,7,0,7,"10.84.42.134"
"1495485749.000",492,0,492,"136.98.100.1",445,7,0,7,"10.84.42.134"
"1495485749.000",492,0,492,"136.98.149.1",445,7,0,7,"10.84.42.134"
"1495485749.000",492,0,492,"136.98.100.1",445,7,0,7,"10.84.42.134"
"1495485026.000",574,0,574,"10.125.242.1",445,8,0,8,"10.84.42.134"
"1495485026.000",574,0,574,"136.98.149.1",445,8,0,8,"10.84.42.134"
"1495485026.000",574,0,574,"136.98.100.1",445,8,0,8,"10.84.42.134"
"1495485018.000",10060,4506,5554,"10.11.168.180",445,48,22,26,"10.84.42.134"
"1495483842.000",492,0,492,"136.98.149.1",445,7,0,7,"10.84.42.134"
"1495483842.000",492,0,492,"136.98.100.1",445,7,0,7,"10.84.42.134"
"1495483842.000",492,0,492,"10.125.242.1",445,7,0,7,"10.84.42.134"
"1495483837.000",492,0,492,"136.98.149.1",445,7,0,7,"10.84.42.134"
"1495483837.000",492,0,492,"136.98.100.1",445,7,0,7,"10.84.42.134"
"1495483837.000",492,0,492,"10.125.242.1",445,7,0,7,"10.84.42.134"
"1495483828.000",492,0,492,"136.98.100.1",445,7,0,7,"10.84.42.134"
"1495483828.000",492,0,492,"10.125.242.1",445,7,0,7,"10.84.42.134"
"1495483828.000",492,0,492,"136.98.149.1",445,7,0,7,"10.84.42.134"
"1495483810.000",574,0,574,"136.98.149.1",445,8,0,8,"10.84.42.134"
"1495483810.000",574,0,574,"136.98.100.1",445,8,0,8,"10.84.42.134"
"1495483809.000",217936,113950,103986,"10.11.168.9",445,797,392,405,"10.84.42.134"
"1495483797.000",492,0,492,"10.125.242.1",445,7,0,7,"10.84.42.134"
"1495483797.000",492,0,492,"136.98.100.1",445,7,0,7,"10.84.42.134"
"1495483797.000",492,0,492,"136.98.149.1",445,7,0,7,"10.84.42.134"
"1495483796.000",492,0,492,"136.98.149.1",445,7,0,7,"10.84.42.134"
"1495483788.000",10060,4506,5554,"10.11.168.180",445,48,22,26,"10.84.42.134"
"1495483786.000",492,0,492,"136.98.100.1",445,7,0,7,"10.84.42.134"
"1495483786.000",492,0,492,"10.125.242.1",445,7,0,7,"10.84.42.134"
"1495483786.000",492,0,492,"136.98.149.1",445,7,0,7,"10.84.42.134"
"1495483777.000",492,0,492,"136.98.100.1",445,7,0,7,"10.84.42.134"
"1495483777.000",492,0,492,"10.125.242.1",445,7,0,7,"10.84.42.134"
"1495483776.000",492,0,492,"136.98.149.1",445,7,0,7,"10.84.42.134"
"1495483776.000",492,0,492,"136.98.100.1",445,7,0,7,"10.84.42.134"
"1495483776.000",492,0,492,"10.125.242.1",445,7,0,7,"10.84.42.134"
"1495483737.000",492,0,492,"136.98.100.1",445,7,0,7,"10.84.42.134"
"1495483737.000",492,0,492,"136.98.149.1",445,7,0,7,"10.84.42.134"
"1495483737.000",492,0,492,"10.125.242.1",445,7,0,7,"10.84.42.134"
"1495483729.000",492,0,492,"10.125.242.1",445,7,0,7,"10.84.42.134"
"1495483729.000",492,0,492,"136.98.100.1",445,7,0,7,"10.84.42.134"
"1495483729.000",492,0,492,"136.98.149.1",445,7,0,7,"10.84.42.134"
"1495483728.000",492,0,492,"136.98.100.1",445,7,0,7,"10.84.42.134"
"1495483728.000",6907,3104,3803,"10.11.168.180",445,34,15,19,"10.84.42.134"
"1495483728.000",492,0,492,"10.125.242.1",445,7,0,7,"10.84.42.134"
"1495483728.000",492,0,492,"136.98.149.1",445,7,0,7,"10.84.42.134"
"1495483630.000",492,0,492,"136.98.149.1",445,7,0,7,"10.84.42.134"
"1495483630.000",492,0,492,"10.125.242.1",445,7,0,7,"10.84.42.134"
"1495483617.000",6531,1822,4709,"10.11.168.9",445,23,9,14,"10.84.42.134"
"1495482837.000",492,0,492,"136.98.149.1",445,7,0,7,"10.84.42.134"
"1495482837.000",492,0,492,"136.98.100.1",445,7,0,7,"10.84.42.134"
"1495482837.000",492,0,492,"10.125.242.1",445,7,0,7,"10.84.42.134"
"1495482828.000",10060,4506,5554,"10.11.168.180",445,48,22,26,"10.84.42.134"
"1495482827.000",492,0,492,"136.98.149.1",445,7,0,7,"10.84.42.134"
"1495482827.000",492,0,492,"136.98.100.1",445,7,0,7,"10.84.42.134"
"1495482392.000",492,0,492,"136.98.100.1",445,7,0,7,"10.84.42.134"
"1495482392.000",492,0,492,"10.125.242.1",445,7,0,7,"10.84.42.134"
"1495482392.000",492,0,492,"136.98.149.1",445,7,0,7,"10.84.42.134"
"1495482390.000",492,0,492,"136.98.100.1",445,7,0,7,"10.84.42.134"
"1495482390.000",492,0,492,"10.125.242.1",445,7,0,7,"10.84.42.134"
"1495482382.000",7485,2347,5138,"10.11.168.10",445,26,11,15,"10.84.42.134"
"1495482381.000",6575,1951,4624,"10.11.168.10",445,25,11,14,"10.84.42.134"
"1495482378.000",6905,3162,3743,"10.11.168.180",445,34,16,18,"10.84.42.134"
"1495482377.000",6467,1823,4644,"10.11.168.10",445,23,9,14,"10.84.42.134"
"1495482289.000",492,0,492,"10.125.242.1",445,7,0,7,"10.84.42.134"
"1495482289.000",492,0,492,"136.98.100.1",445,7,0,7,"10.84.42.134"
"1495482289.000",492,0,492,"136.98.149.1",445,7,0,7,"10.84.42.134"
"1495481921.000",492,0,492,"136.98.149.1",445,7,0,7,"10.84.42.134"
"1495481921.000",492,0,492,"136.98.100.1",445,7,0,7,"10.84.42.134"
"1495481921.000",492,0,492,"10.125.242.1",445,7,0,7,"10.84.42.134"
"1495481919.000",6488,1823,4665,"10.11.168.9",445,23,9,14,"10.84.42.134"
"1495481398.000",492,0,492,"10.125.242.1",445,7,0,7,"10.84.42.134"
"1495481398.000",492,0,492,"136.98.149.1",445,7,0,7,"10.84.42.134"
"1495481398.000",492,0,492,"136.98.100.1",445,7,0,7,"10.84.42.134"
"1495481309.000",492,0,492,"10.125.242.1",445,7,0,7,"10.84.42.134"
"1495481309.000",492,0,492,"136.98.100.1",445,7,0,7,"10.84.42.134"
"1495481309.000",492,0,492,"136.98.149.1",445,7,0,7,"10.84.42.134"
"1495481305.000",13822,6355,7467,"10.11.168.180",445,64,30,34,"10.84.42.134"
"1495481294.000",492,0,492,"136.98.149.1",445,7,0,7,"10.84.42.134"
"1495481294.000",492,0,492,"10.125.242.1",445,7,0,7,"10.84.42.134"
"1495481294.000",492,0,492,"136.98.100.1",445,7,0,7,"10.84.42.134"
"1495489642.000",282,142,140,"10.83.22.26",445,5,2,3,"10.84.42.134"
"1495489642.000",282,142,140,"10.83.22.26",445,5,2,3,"10.84.42.134"
"1495489642.000",2000,1154,846,"10.83.22.26",445,15,6,9,"10.84.42.134"
"1495489642.000",2000,1154,846,"10.83.22.26",445,15,6,9,"10.84.42.134"
"1495489642.000",352,212,140,"10.83.22.26",445,6,3,3,"10.84.42.134"
"1495489640.000",492,0,492,"10.125.242.1",445,7,0,7,"10.84.42.134"
"1495489640.000",492,0,492,"136.98.100.1",445,7,0,7,"10.84.42.134"
"1495489640.000",492,0,492,"10.125.242.1",445,7,0,7,"10.84.42.134"
"1495489640.000",492,0,492,"136.98.149.1",445,7,0,7,"10.84.42.134"
"1495489640.000",492,0,492,"136.98.100.1",445,7,0,7,"10.84.42.134"
"1495489640.000",492,0,492,"136.98.149.1",445,7,0,7,"10.84.42.134"
"1495489469.000",492,0,492,"10.125.242.1",445,7,0,7,"10.84.42.134"
"1495489469.000",492,0,492,"10.125.242.1",445,7,0,7,"10.84.42.134"
"1495489469.000",492,0,492,"136.98.149.1",445,7,0,7,"10.84.42.134"
"1495489469.000",492,0,492,"136.98.100.1",445,7,0,7,"10.84.42.134"
"1495489469.000",492,0,492,"136.98.100.1",445,7,0,7,"10.84.42.134"
"1495489469.000",492,0,492,"136.98.149.1",445,7,0,7,"10.84.42.134"
"1495489469.000",492,0,492,"136.98.149.1",445,7,0,7,"10.84.42.134"
"1495489469.000",492,0,492,"10.125.242.1",445,7,0,7,"10.84.42.134"
"1495489469.000",492,0,492,"136.98.100.1",445,7,0,7,"10.84.42.134"
"1495489453.000",282,142,140,"10.83.22.26",445,5,2,3,"10.84.42.134"
"1495489453.000",2000,1154,846,"10.83.22.26",445,15,6,9,"10.84.42.134"
"1495489452.000",282,142,140,"10.83.22.26",445,5,2,3,"10.84.42.134"
"1495489450.000",492,0,492,"10.125.242.1",445,7,0,7,"10.84.42.134"
"1495489450.000",492,0,492,"136.98.100.1",445,7,0,7,"10.84.42.134"
"1495489450.000",492,0,492,"136.98.149.1",445,7,0,7,"10.84.42.134"
"1495489337.000",282,142,140,"10.83.29.158",445,5,2,3,"10.84.42.134"
"1495489337.000",2070,1154,916,"10.83.68.49",445,16,6,10,"10.84.42.134"
"1495489337.000",422,212,210,"10.83.68.49",445,7,3,4,"10.84.42.134"
"1495489337.000",2066,1150,916,"10.83.29.158",445,16,6,10,"10.84.42.134"
"1495489336.000",2070,1154,916,"10.83.68.49",445,16,6,10,"10.84.42.134"
"1495489336.000",422,212,210,"10.83.68.49",445,7,3,4,"10.84.42.134"
"1495489335.000",282,142,140,"10.83.29.158",445,5,2,3,"10.84.42.134"
"1495489335.000",2066,1150,916,"10.83.29.158",445,16,6,10,"10.84.42.134"
"1495489334.000",82,0,82,"186.214.252.94",445,1,0,1,"10.84.42.134"
"1495489333.000",82,0,82,"136.98.182.1",445,2,0,2,"10.84.42.134"
"1495489333.000",82,0,82,"136.98.182.1",445,2,0,2,"10.84.42.134"
"1495489333.000",82,0,82,"186.214.252.94",445,1,0,1,"10.84.42.134"
"1495489333.000",82,0,82,"136.98.181.1",445,2,0,2,"10.84.42.134"
"1495489333.000",82,0,82,"10.157.36.22",445,2,0,2,"10.84.42.134"
"1495489333.000",82,0,82,"136.98.181.1",445,2,0,2,"10.84.42.134"
"1495489333.000",82,0,82,"10.157.36.22",445,2,0,2,"10.84.42.134"
"1495489331.000",82,0,82,"136.98.181.1",445,2,0,2,"10.84.42.134"
"1495489331.000",82,0,82,"10.157.36.22",445,2,0,2,"10.84.42.134"
"1495489331.000",82,0,82,"136.98.182.1",445,2,0,2,"10.84.42.134"
"1495489331.000",82,0,82,"186.214.252.94",445,1,0,1,"10.84.42.134"
"1495489329.000",82,0,82,"136.98.181.1",445,2,0,2,"10.84.42.134"
"1495489329.000",82,0,82,"10.157.36.22",445,2,0,2,"10.84.42.134"
"1495489329.000",82,0,82,"186.214.252.94",445,1,0,1,"10.84.42.134"
"1495489329.000",82,0,82,"136.98.182.1",445,2,0,2,"10.84.42.134"
"1495489328.000",82,0,82,"136.98.182.1",445,2,0,2,"10.84.42.134"
"1495489328.000",82,0,82,"10.157.36.22",445,2,0,2,"10.84.42.134"
"1495489328.000",82,0,82,"186.214.252.94",445,1,0,1,"10.84.42.134"
"1495489328.000",82,0,82,"136.98.181.1",445,2,0,2,"10.84.42.134"
"1495488988.000",492,0,492,"10.125.242.1",445,7,0,7,"10.84.42.134"
"1495488988.000",492,0,492,"136.98.100.1",445,7,0,7,"10.84.42.134"
"1495488988.000",492,0,492,"136.98.149.1",445,7,0,7,"10.84.42.134"
"1495488983.000",7498,2405,5093,"10.11.168.10",445,27,12,15,"10.84.42.134"
"1495488949.000",97846400,47425645,50420755,"10.11.168.10",445,431644,215659,215985,"10.84.42.134"
"1495488477.000",2118,1202,916,"10.83.3.141",445,17,7,10,"10.84.42.134"
"1495487184.000",10188,4634,5554,"10.11.168.180",445,50,24,26,"10.84.42.134"
"1495487124.000",10060,4506,5554,"10.11.168.180",445,48,22,26,"10.84.42.134"
"1495486859.000",7465,2347,5118,"10.11.168.10",445,26,11,15,"10.84.42.134"
"1495486855.000",328,0,328,"136.98.149.1",445,5,0,5,"10.84.42.134"
"1495486855.000",328,0,328,"10.125.242.1",445,5,0,5,"10.84.42.134"
"1495486855.000",328,0,328,"136.98.100.1",445,5,0,5,"10.84.42.134"
"1495485653.000",492,0,492,"10.125.242.1",445,7,0,7,"10.84.42.134"
"1495485653.000",492,0,492,"136.98.149.1",445,7,0,7,"10.84.42.134"
"1495485653.000",492,0,492,"136.98.100.1",445,7,0,7,"10.84.42.134"
"1495485651.000",492,0,492,"136.98.100.1",445,7,0,7,"10.84.42.134"
"1495485651.000",492,0,492,"136.98.149.1",445,7,0,7,"10.84.42.134"
"1495485651.000",492,0,492,"10.125.242.1",445,7,0,7,"10.84.42.134"
"1495483915.000",82,0,82,"10.157.36.22",445,2,0,2,"10.84.42.134"
"1495483908.000",10313,4699,5614,"10.11.168.180",445,51,24,27,"10.84.42.134"
"1495483878.000",10060,4506,5554,"10.11.168.180",445,48,22,26,"10.84.42.134"
"1495483871.000",492,0,492,"136.98.149.1",445,7,0,7,"10.84.42.134"
"1495483871.000",492,0,492,"10.125.242.1",445,7,0,7,"10.84.42.134"
"1495483871.000",492,0,492,"136.98.100.1",445,7,0,7,"10.84.42.134"
"1495483867.000",574,0,574,"136.98.149.1",445,8,0,8,"10.84.42.134"
"1495483867.000",574,0,574,"136.98.100.1",445,8,0,8,"10.84.42.134"
"1495483848.000",10123,4569,5554,"10.11.168.180",445,49,23,26,"10.84.42.134"
"1495483847.000",492,0,492,"136.98.100.1",445,7,0,7,"10.84.42.134"
"1495483847.000",492,0,492,"10.125.242.1",445,7,0,7,"10.84.42.134"
"1495483847.000",492,0,492,"136.98.149.1",445,7,0,7,"10.84.42.134"
"1495483725.000",8516,4392,4124,"10.11.168.10",445,38,17,21,"10.84.42.134"
"1495483722.000",15111,6471,8640,"10.11.168.180",445,73,34,39,"10.84.42.134"
"1495483720.000",6488,1823,4665,"10.11.168.9",445,23,9,14,"10.84.42.134"
"1495483716.000",2228471,2123133,105338,"10.188.60.18",445,2729,1595,1134,"10.84.42.134"
"1495483709.000",492,0,492,"10.125.242.1",445,7,0,7,"10.84.42.134"
"1495483709.000",492,0,492,"136.98.100.1",445,7,0,7,"10.84.42.134"
"1495483709.000",492,0,492,"136.98.100.1",445,7,0,7,"10.84.42.134"
"1495483709.000",492,0,492,"136.98.100.1",445,7,0,7,"10.84.42.134"
"1495483709.000",492,0,492,"136.98.149.1",445,7,0,7,"10.84.42.134"
"1495483709.000",492,0,492,"136.98.149.1",445,7,0,7,"10.84.42.134"
"1495483709.000",492,0,492,"136.98.149.1",445,7,0,7,"10.84.42.134"
"1495483709.000",492,0,492,"10.125.242.1",445,7,0,7,"10.84.42.134"
"1495483709.000",492,0,492,"10.125.242.1",445,7,0,7,"10.84.42.134"
"1495482918.000",10060,4506,5554,"10.11.168.180",445,48,22,26,"10.84.42.134"
"1495482430.000",492,0,492,"136.98.149.1",445,7,0,7,"10.84.42.134"
"1495482430.000",492,0,492,"136.98.100.1",445,7,0,7,"10.84.42.134"
"1495482416.000",7501,2353,5148,"10.11.168.9",445,26,11,15,"10.84.42.134"
"1495482120.000",422,212,210,"10.83.68.49",445,7,3,4,"10.84.42.134"
"1495482120.000",2070,1154,916,"10.83.68.49",445,16,6,10,"10.84.42.134"
"1495482118.000",422,212,210,"10.83.68.49",445,7,3,4,"10.84.42.134"
"1495482118.000",422,212,210,"10.83.68.49",445,7,3,4,"10.84.42.134"
"1495482118.000",2070,1154,916,"10.83.68.49",445,16,6,10,"10.84.42.134"
"1495482012.000",492,0,492,"136.98.149.1",445,7,0,7,"10.84.42.134"
"1495482012.000",492,0,492,"136.98.100.1",445,7,0,7,"10.84.42.134"
"1495482012.000",492,0,492,"10.125.242.1",445,7,0,7,"10.84.42.134"
"1495481989.000",492,0,492,"10.125.242.1",445,7,0,7,"10.84.42.134"
"1495481989.000",492,0,492,"136.98.149.1",445,7,0,7,"10.84.42.134"
"1495481989.000",492,0,492,"136.98.100.1",445,7,0,7,"10.84.42.134"
"1495481986.000",492,0,492,"136.98.100.1",445,7,0,7,"10.84.42.134"
"1495481986.000",492,0,492,"10.125.242.1",445,7,0,7,"10.84.42.134"
"1495481986.000",492,0,492,"136.98.149.1",445,7,0,7,"10.84.42.134"
"1495481616.000",6467,1823,4644,"10.11.168.10",445,23,9,14,"10.84.42.134"
"1495481616.000",7442,2346,5096,"10.11.168.9",445,26,11,15,"10.84.42.134"
"1495481598.000",10060,4506,5554,"10.11.168.180",445,48,22,26,"10.84.42.134"
"1495481196.000",492,0,492,"136.98.100.1",445,7,0,7,"10.84.42.134"
"1495481196.000",492,0,492,"10.125.242.1",445,7,0,7,"10.84.42.134"
"1495481196.000",492,0,492,"136.98.149.1",445,7,0,7,"10.84.42.134"
"1495481191.000",492,0,492,"136.98.100.1",445,7,0,7,"10.84.42.134"
"1495481191.000",492,0,492,"136.98.149.1",445,7,0,7,"10.84.42.134"
"1495481191.000",492,0,492,"10.125.242.1",445,7,0,7,"10.84.42.134"
"1495480918.000",492,0,492,"10.125.242.1",445,7,0,7,"10.84.42.134"
"1495480918.000",492,0,492,"136.98.149.1",445,7,0,7,"10.84.42.134"
"1495480914.000",492,0,492,"136.98.100.1",445,7,0,7,"10.84.42.134"
"1495480612.000",492,0,492,"10.125.242.1",445,7,0,7,"10.84.42.134"
"1495480612.000",492,0,492,"136.98.149.1",445,7,0,7,"10.84.42.134"
"1495480612.000",492,0,492,"136.98.100.1",445,7,0,7,"10.84.42.134"
"1495489604.000",2134,1218,916,"10.83.22.26",445,17,7,10,"10.84.42.134"
"1495489604.000",282,142,140,"10.83.22.26",445,5,2,3,"10.84.42.134"
"1495489603.000",282,142,140,"10.83.22.26",445,5,2,3,"10.84.42.134"
"1495489603.000",2000,1154,846,"10.83.22.26",445,15,6,9,"10.84.42.134"
"1495489601.000",492,0,492,"136.98.149.1",445,7,0,7,"10.84.42.134"
"1495489601.000",492,0,492,"10.125.242.1",445,7,0,7,"10.84.42.134"
"1495489601.000",492,0,492,"136.98.100.1",445,7,0,7,"10.84.42.134"
"1495489600.000",492,0,492,"136.98.100.1",445,7,0,7,"10.84.42.134"
"1495489600.000",492,0,492,"10.125.242.1",445,7,0,7,"10.84.42.134"
"1495488117.000",6531,1822,4709,"10.11.168.9",445,23,9,14,"10.84.42.134"
"1495487967.000",7502,2346,5156,"10.11.168.10",445,27,11,16,"10.84.42.134"
"1495487536.000",2070,1154,916,"10.83.68.49",445,16,6,10,"10.84.42.134"
"1495487536.000",422,212,210,"10.83.68.49",445,7,3,4,"10.84.42.134"
"1495487536.000",2070,1154,916,"10.83.68.49",445,16,6,10,"10.84.42.134"
"1495487535.000",422,212,210,"10.83.68.49",445,7,3,4,"10.84.42.134"
"1495487535.000",2070,1154,916,"10.83.68.49",445,16,6,10,"10.84.42.134"
"1495487534.000",422,212,210,"10.83.68.49",445,7,3,4,"10.84.42.134"
"1495487533.000",2070,1154,916,"10.83.68.49",445,16,6,10,"10.84.42.134"
"1495487532.000",422,212,210,"10.83.68.49",445,7,3,4,"10.84.42.134"
"1495487532.000",2070,1154,916,"10.83.68.49",445,16,6,10,"10.84.42.134"
"1495487532.000",422,212,210,"10.83.68.49",445,7,3,4,"10.84.42.134"
"1495487531.000",82,0,82,"186.214.252.94",445,2,0,2,"10.84.42.134"
"1495487529.000",82,0,82,"10.157.36.22",445,2,0,2,"10.84.42.134"
"1495487529.000",82,0,82,"186.214.252.94",445,2,0,2,"10.84.42.134"
"1495487529.000",82,0,82,"136.98.182.1",445,2,0,2,"10.84.42.134"
"1495487529.000",82,0,82,"136.98.181.1",445,2,0,2,"10.84.42.134"
"1495487528.000",82,0,82,"10.157.36.22",445,2,0,2,"10.84.42.134"
"1495487528.000",82,0,82,"136.98.181.1",445,2,0,2,"10.84.42.134"
"1495487528.000",82,0,82,"136.98.182.1",445,2,0,2,"10.84.42.134"
"1495487528.000",82,0,82,"186.214.252.94",445,2,0,2,"10.84.42.134"
"1495487527.000",82,0,82,"10.157.36.22",445,2,0,2,"10.84.42.134"
"1495487527.000",82,0,82,"136.98.182.1",445,2,0,2,"10.84.42.134"
"1495487527.000",82,0,82,"136.98.181.1",445,2,0,2,"10.84.42.134"
"1495487526.000",82,0,82,"186.214.252.94",445,2,0,2,"10.84.42.134"
"1495487525.000",82,0,82,"136.98.182.1",445,2,0,2,"10.84.42.134"
"1495487525.000",82,0,82,"136.98.181.1",445,2,0,2,"10.84.42.134"
"1495487525.000",82,0,82,"10.157.36.22",445,2,0,2,"10.84.42.134"
"1495487524.000",82,0,82,"136.98.181.1",445,2,0,2,"10.84.42.134"
"1495487524.000",82,0,82,"10.157.36.22",445,2,0,2,"10.84.42.134"
"1495487524.000",82,0,82,"136.98.182.1",445,2,0,2,"10.84.42.134"
"1495487521.000",82,0,82,"10.84.90.244",445,2,0,2,"10.84.42.134"
"1495487350.000",17802,7960,9842,"10.11.168.180",445,85,40,45,"10.84.42.134"
"1495487082.000",7438,2346,5092,"10.11.168.9",445,26,11,15,"10.84.42.134"
"1495487067.000",15037,5809,9228,"10.11.168.180",445,63,30,33,"10.84.42.134"
"1495487067.000",7502,2346,5156,"10.11.168.10",445,27,11,16,"10.84.42.134"
"1495487064.000",10060,4506,5554,"10.11.168.180",445,48,22,26,"10.84.42.134"
"1495485888.000",13213,5908,7305,"10.11.168.180",445,62,29,33,"10.84.42.134"
"1495485888.000",492,0,492,"10.125.242.1",445,7,0,7,"10.84.42.134"
"1495485888.000",492,0,492,"136.98.100.1",445,7,0,7,"10.84.42.134"
"1495485888.000",492,0,492,"136.98.149.1",445,7,0,7,"10.84.42.134"
"1495485870.000",492,0,492,"136.98.100.1",445,7,0,7,"10.84.42.134"
"1495485870.000",492,0,492,"136.98.149.1",445,7,0,7,"10.84.42.134"
"1495485870.000",492,0,492,"10.125.242.1",445,7,0,7,"10.84.42.134"
"1495485867.000",492,0,492,"136.98.100.1",445,7,0,7,"10.84.42.134"
"1495485867.000",492,0,492,"136.98.149.1",445,7,0,7,"10.84.42.134"
"1495485867.000",492,0,492,"10.125.242.1",445,7,0,7,"10.84.42.134"
"1495485858.000",10325,4641,5684,"10.11.168.180",445,51,23,28,"10.84.42.134"
"1495485799.000",492,0,492,"136.98.100.1",445,7,0,7,"10.84.42.134"
"1495485799.000",492,0,492,"10.125.242.1",445,7,0,7,"10.84.42.134"
"1495485799.000",492,0,492,"136.98.149.1",445,7,0,7,"10.84.42.134"
"1495485798.000",10060,4506,5554,"10.11.168.180",445,48,22,26,"10.84.42.134"
"1495485796.000",492,0,492,"136.98.149.1",445,7,0,7,"10.84.42.134"
"1495485796.000",492,0,492,"10.125.242.1",445,7,0,7,"10.84.42.134"
"1495485796.000",492,0,492,"136.98.100.1",445,7,0,7,"10.84.42.134"
"1495485795.000",492,0,492,"136.98.149.1",445,7,0,7,"10.84.42.134"
"1495485795.000",492,0,492,"10.125.242.1",445,7,0,7,"10.84.42.134"
"1495485795.000",492,0,492,"136.98.100.1",445,7,0,7,"10.84.42.134"
"1495485738.000",10255,4641,5614,"10.11.168.180",445,50,23,27,"10.84.42.134"
"1495485732.000",2070,1154,916,"10.83.68.49",445,16,6,10,"10.84.42.134"
"1495485731.000",2070,1154,916,"10.83.68.49",445,16,6,10,"10.84.42.134"
"1495485731.000",422,212,210,"10.83.68.49",445,7,3,4,"10.84.42.134"
"1495485571.000",492,0,492,"136.98.100.1",445,7,0,7,"10.84.42.134"
"1495485571.000",492,0,492,"136.98.149.1",445,7,0,7,"10.84.42.134"
"1495485571.000",492,0,492,"10.125.242.1",445,7,0,7,"10.84.42.134"
"1495485569.000",492,0,492,"136.98.100.1",445,7,0,7,"10.84.42.134"
"1495485569.000",492,0,492,"10.125.242.1",445,7,0,7,"10.84.42.134"
"1495485569.000",492,0,492,"136.98.149.1",445,7,0,7,"10.84.42.134"
"1495485567.000",492,0,492,"136.98.149.1",445,7,0,7,"10.84.42.134"
"1495485567.000",492,0,492,"10.125.242.1",445,7,0,7,"10.84.42.134"
"1495485563.000",492,0,492,"136.98.100.1",445,7,0,7,"10.84.42.134"
"1495485563.000",492,0,492,"10.125.242.1",445,7,0,7,"10.84.42.134"
"1495485563.000",492,0,492,"136.98.149.1",445,7,0,7,"10.84.42.134"
"1495485523.000",492,0,492,"10.125.242.1",445,7,0,7,"10.84.42.134"
"1495485523.000",492,0,492,"136.98.149.1",445,7,0,7,"10.84.42.134"
"1495485523.000",492,0,492,"136.98.100.1",445,7,0,7,"10.84.42.134"
"1495485521.000",492,0,492,"136.98.100.1",445,7,0,7,"10.84.42.134"
"1495485521.000",492,0,492,"136.98.149.1",445,7,0,7,"10.84.42.134"
"1495485521.000",492,0,492,"10.125.242.1",445,7,0,7,"10.84.42.134"
"1495485519.000",6546,1881,4665,"10.11.168.9",445,24,10,14,"10.84.42.134"
"1495484950.000",492,0,492,"136.98.100.1",445,7,0,7,"10.84.42.134"
"1495484950.000",492,0,492,"10.125.242.1",445,7,0,7,"10.84.42.134"
"1495484950.000",492,0,492,"136.98.149.1",445,7,0,7,"10.84.42.134"
"1495484945.000",6447,1823,4624,"10.11.168.10",445,23,9,14,"10.84.42.134"
"1495484940.000",492,0,492,"10.125.242.1",445,7,0,7,"10.84.42.134"
"1495484940.000",492,0,492,"136.98.100.1",445,7,0,7,"10.84.42.134"
"1495484940.000",492,0,492,"136.98.149.1",445,7,0,7,"10.84.42.134"
"1495484855.000",492,0,492,"136.98.149.1",445,7,0,7,"10.84.42.134"
"1495484849.000",492,0,492,"136.98.149.1",445,7,0,7,"10.84.42.134"
"1495484849.000",492,0,492,"136.98.100.1",445,7,0,7,"10.84.42.134"
"1495484849.000",492,0,492,"10.125.242.1",445,7,0,7,"10.84.42.134"
"1495484838.000",10255,4641,5614,"10.11.168.180",445,50,23,27,"10.84.42.134"
"1495484759.000",492,0,492,"136.98.149.1",445,7,0,7,"10.84.42.134"
"1495484759.000",492,0,492,"136.98.100.1",445,7,0,7,"10.84.42.134"
"1495484759.000",492,0,492,"10.125.242.1",445,7,0,7,"10.84.42.134"
"1495484749.000",492,0,492,"10.125.242.1",445,7,0,7,"10.84.42.134"
"1495484718.000",10118,4564,5554,"10.11.168.180",445,49,23,26,"10.84.42.134"
"1495484716.000",492,0,492,"136.98.149.1",445,7,0,7,"10.84.42.134"
"1495484716.000",492,0,492,"10.125.242.1",445,7,0,7,"10.84.42.134"
"1495484716.000",492,0,492,"136.98.100.1",445,7,0,7,"10.84.42.134"
"1495484710.000",492,0,492,"136.98.100.1",445,7,0,7,"10.84.42.134"
"1495484710.000",492,0,492,"10.125.242.1",445,7,0,7,"10.84.42.134"
"1495484710.000",492,0,492,"136.98.149.1",445,7,0,7,"10.84.42.134"
"1495484701.000",492,0,492,"136.98.100.1",445,7,0,7,"10.84.42.134"
"1495484701.000",492,0,492,"10.125.242.1",445,7,0,7,"10.84.42.134"
"1495484701.000",492,0,492,"136.98.149.1",445,7,0,7,"10.84.42.134"
"1495484688.000",6907,3104,3803,"10.11.168.180",445,34,15,19,"10.84.42.134"
"1495484628.000",10060,4506,5554,"10.11.168.180",445,48,22,26,"10.84.42.134"
"1495484579.000",492,0,492,"10.125.242.1",445,7,0,7,"10.84.42.134"
"1495484579.000",492,0,492,"136.98.149.1",445,7,0,7,"10.84.42.134"
"1495484579.000",492,0,492,"136.98.100.1",445,7,0,7,"10.84.42.134"
"1495484572.000",492,0,492,"10.125.242.1",445,7,0,7,"10.84.42.134"
"1495484572.000",492,0,492,"136.98.100.1",445,7,0,7,"10.84.42.134"
"1495484572.000",492,0,492,"136.98.149.1",445,7,0,7,"10.84.42.134"
"1495484568.000",10060,4506,5554,"10.11.168.180",445,48,22,26,"10.84.42.134"
"1495484534.000",492,0,492,"136.98.149.1",445,7,0,7,"10.84.42.134"
"1495484534.000",492,0,492,"10.125.242.1",445,7,0,7,"10.84.42.134"
"1495484534.000",492,0,492,"136.98.100.1",445,7,0,7,"10.84.42.134"
"1495484193.000",492,0,492,"136.98.149.1",445,7,0,7,"10.84.42.134"
"1495484193.000",492,0,492,"10.125.242.1",445,7,0,7,"10.84.42.134"
"1495484193.000",492,0,492,"136.98.149.1",445,7,0,7,"10.84.42.134"
"1495484193.000",492,0,492,"10.125.242.1",445,7,0,7,"10.84.42.134"
"1495484193.000",492,0,492,"136.98.100.1",445,7,0,7,"10.84.42.134"
"1495484193.000",492,0,492,"136.98.100.1",445,7,0,7,"10.84.42.134"
"1495484118.000",10060,4506,5554,"10.11.168.180",445,48,22,26,"10.84.42.134"
"1495484107.000",492,0,492,"136.98.149.1",445,7,0,7,"10.84.42.134"
"1495484107.000",492,0,492,"10.125.242.1",445,7,0,7,"10.84.42.134"
"1495484107.000",492,0,492,"136.98.100.1",445,7,0,7,"10.84.42.134"
"1495484104.000",492,0,492,"136.98.149.1",445,7,0,7,"10.84.42.134"
"1495484104.000",492,0,492,"136.98.100.1",445,7,0,7,"10.84.42.134"
"1495484104.000",492,0,492,"10.125.242.1",445,7,0,7,"10.84.42.134"
"1495484103.000",492,0,492,"10.125.242.1",445,7,0,7,"10.84.42.134"
"1495484103.000",492,0,492,"136.98.149.1",445,7,0,7,"10.84.42.134"
"1495484103.000",492,0,492,"136.98.100.1",445,7,0,7,"10.84.42.134"
"1495483928.000",492,0,492,"136.98.149.1",445,7,0,7,"10.84.42.134"
"1495483928.000",492,0,492,"10.125.242.1",445,7,0,7,"10.84.42.134"
"1495483928.000",492,0,492,"136.98.100.1",445,7,0,7,"10.84.42.134"
"1495483928.000",492,0,492,"136.98.149.1",445,7,0,7,"10.84.42.134"
"1495483928.000",492,0,492,"10.125.242.1",445,7,0,7,"10.84.42.134"
"1495483928.000",492,0,492,"136.98.100.1",445,7,0,7,"10.84.42.134"
"1495483925.000",422,212,210,"10.83.68.49",445,7,3,4,"10.84.42.134"
"1495483925.000",2070,1154,916,"10.83.68.49",445,16,6,10,"10.84.42.134"
"1495483924.000",2070,1154,916,"10.83.68.49",445,16,6,10,"10.84.42.134"
"1495483924.000",422,212,210,"10.83.68.49",445,7,3,4,"10.84.42.134"
"1495483923.000",2070,1154,916,"10.83.68.49",445,16,6,10,"10.84.42.134"
"1495483923.000",422,212,210,"10.83.68.49",445,7,3,4,"10.84.42.134"
"1495483923.000",422,212,210,"10.83.68.49",445,7,3,4,"10.84.42.134"
"1495483923.000",422,212,210,"10.83.68.49",445,7,3,4,"10.84.42.134"
"1495483923.000",2070,1154,916,"10.83.68.49",445,16,6,10,"10.84.42.134"
"1495483921.000",492,0,492,"136.98.149.1",445,7,0,7,"10.84.42.134"
"1495483921.000",492,0,492,"136.98.100.1",445,7,0,7,"10.84.42.134"
"1495483919.000",492,0,492,"10.125.242.1",445,7,0,7,"10.84.42.134"
"1495483919.000",82,0,82,"186.214.252.94",445,2,0,2,"10.84.42.134"
"1495483919.000",82,0,82,"186.214.252.94",445,2,0,2,"10.84.42.134"
"1495483919.000",492,0,492,"136.98.100.1",445,7,0,7,"10.84.42.134"
"1495483919.000",492,0,492,"136.98.100.1",445,7,0,7,"10.84.42.134"
"1495483919.000",492,0,492,"136.98.149.1",445,7,0,7,"10.84.42.134"
"1495483919.000",492,0,492,"10.125.242.1",445,7,0,7,"10.84.42.134"
"1495483919.000",492,0,492,"136.98.149.1",445,7,0,7,"10.84.42.134"
"1495483917.000",82,0,82,"136.98.181.1",445,2,0,2,"10.84.42.134"
"1495483917.000",82,0,82,"136.98.181.1",445,2,0,2,"10.84.42.134"
"1495483917.000",82,0,82,"186.214.252.94",445,2,0,2,"10.84.42.134"
"1495483917.000",82,0,82,"136.98.182.1",445,2,0,2,"10.84.42.134"
"1495483917.000",82,0,82,"10.157.36.22",445,2,0,2,"10.84.42.134"
"1495483917.000",82,0,82,"10.157.36.22",445,2,0,2,"10.84.42.134"
"1495483917.000",82,0,82,"136.98.182.1",445,2,0,2,"10.84.42.134"
"1495483917.000",82,0,82,"186.214.252.94",445,2,0,2,"10.84.42.134"
"1495483916.000",82,0,82,"136.98.182.1",445,2,0,2,"10.84.42.134"
"1495483916.000",82,0,82,"10.157.36.22",445,2,0,2,"10.84.42.134"
"1495483916.000",82,0,82,"136.98.181.1",445,2,0,2,"10.84.42.134"
"1495483916.000",82,0,82,"186.214.252.94",445,2,0,2,"10.84.42.134"
"1495483916.000",82,0,82,"136.98.182.1",445,2,0,2,"10.84.42.134"
"1495483916.000",82,0,82,"10.157.36.22",445,2,0,2,"10.84.42.134"
"1495483916.000",82,0,82,"136.98.181.1",445,2,0,2,"10.84.42.134"
"1495483688.000",492,0,492,"136.98.149.1",445,7,0,7,"10.84.42.134"
"1495483688.000",492,0,492,"136.98.100.1",445,7,0,7,"10.84.42.134"
"1495483688.000",492,0,492,"10.125.242.1",445,7,0,7,"10.84.42.134"
"1495483685.000",492,0,492,"136.98.149.1",445,7,0,7,"10.84.42.134"
"1495483685.000",492,0,492,"10.125.242.1",445,7,0,7,"10.84.42.134"
"1495483685.000",492,0,492,"136.98.100.1",445,7,0,7,"10.84.42.134"
"1495483679.000",492,0,492,"136.98.100.1",445,7,0,7,"10.84.42.134"
"1495483679.000",492,0,492,"10.125.242.1",445,7,0,7,"10.84.42.134"
"1495483679.000",492,0,492,"136.98.149.1",445,7,0,7,"10.84.42.134"
"1495483395.000",574,0,574,"136.98.149.1",445,8,0,8,"10.84.42.134"
"1495483395.000",574,0,574,"136.98.100.1",445,8,0,8,"10.84.42.134"
"1495483395.000",574,0,574,"10.125.242.1",445,8,0,8,"10.84.42.134"
"1495483285.000",7505,2347,5158,"10.11.168.10",445,26,11,15,"10.84.42.134"
"1495483282.000",7485,2347,5138,"10.11.168.10",445,26,11,15,"10.84.42.134"
"1495483277.000",492,0,492,"136.98.100.1",445,7,0,7,"10.84.42.134"
"1495483277.000",6467,1823,4644,"10.11.168.10",445,23,9,14,"10.84.42.134"
"1495483277.000",492,0,492,"136.98.149.1",445,7,0,7,"10.84.42.134"
"1495483277.000",492,0,492,"10.125.242.1",445,7,0,7,"10.84.42.134"
"1495482749.000",492,0,492,"136.98.149.1",445,7,0,7,"10.84.42.134"
"1495482749.000",492,0,492,"10.125.242.1",445,7,0,7,"10.84.42.134"
"1495482749.000",492,0,492,"136.98.100.1",445,7,0,7,"10.84.42.134"
"1495480701.000",492,0,492,"10.125.242.1",445,7,0,7,"10.84.42.134"
"1495480701.000",492,0,492,"136.98.149.1",445,7,0,7,"10.84.42.134"
"1495480701.000",492,0,492,"136.98.100.1",445,7,0,7,"10.84.42.134"
"1495489416.000",492,0,492,"10.125.242.1",445,7,0,7,"10.84.42.134"
"1495489416.000",492,0,492,"136.98.100.1",445,7,0,7,"10.84.42.134"
"1495489416.000",492,0,492,"136.98.149.1",445,7,0,7,"10.84.42.134"
"1495489022.000",492,0,492,"136.98.100.1",445,7,0,7,"10.84.42.134"
"1495489022.000",492,0,492,"136.98.149.1",445,7,0,7,"10.84.42.134"
"1495489022.000",492,0,492,"10.125.242.1",445,7,0,7,"10.84.42.134"
"1495488812.000",6505,1881,4624,"10.11.168.10",445,24,10,14,"10.84.42.134"
"1495488083.000",7440,2347,5093,"10.11.168.10",445,26,11,15,"10.84.42.134"
"1495487034.000",6907,3104,3803,"10.11.168.180",445,34,15,19,"10.84.42.134"
"1495487027.000",13265,5908,7357,"10.11.168.180",445,63,29,34,"10.84.42.134"
"1495486573.000",7340,3627,3713,"10.11.168.180",445,41,25,16,"10.84.42.134"
"1495486326.000",7485,2347,5138,"10.11.168.9",445,26,11,15,"10.84.42.134"
"1495486317.000",6531,1822,4709,"10.11.168.9",445,23,9,14,"10.84.42.134"
"1495485985.000",7633,2475,5158,"10.11.168.10",445,28,13,15,"10.84.42.134"
"1495485131.000",492,0,492,"136.98.100.1",445,7,0,7,"10.84.42.134"
"1495485131.000",492,0,492,"10.125.242.1",445,7,0,7,"10.84.42.134"
"1495485131.000",492,0,492,"136.98.149.1",445,7,0,7,"10.84.42.134"
"1495484988.000",10060,4506,5554,"10.11.168.180",445,48,22,26,"10.84.42.134"
"1495484902.000",492,0,492,"10.125.242.1",445,7,0,7,"10.84.42.134"
"1495484902.000",492,0,492,"136.98.149.1",445,7,0,7,"10.84.42.134"
"1495484902.000",492,0,492,"136.98.100.1",445,7,0,7,"10.84.42.134"
"1495484898.000",10060,4506,5554,"10.11.168.180",445,48,22,26,"10.84.42.134"
"1495484517.000",6589,1880,4709,"10.11.168.9",445,24,10,14,"10.84.42.134"
"1495484515.000",492,0,492,"136.98.100.1",445,7,0,7,"10.84.42.134"
"1495484515.000",492,0,492,"10.125.242.1",445,7,0,7,"10.84.42.134"
"1495484515.000",492,0,492,"136.98.149.1",445,7,0,7,"10.84.42.134"
"1495484478.000",10255,4641,5614,"10.11.168.180",445,50,23,27,"10.84.42.134"
"1495484477.000",492,0,492,"136.98.149.1",445,7,0,7,"10.84.42.134"
"1495484477.000",492,0,492,"10.125.242.1",445,7,0,7,"10.84.42.134"
"1495484472.000",492,0,492,"136.98.149.1",445,7,0,7,"10.84.42.134"
"1495484472.000",492,0,492,"10.125.242.1",445,7,0,7,"10.84.42.134"
"1495484472.000",492,0,492,"136.98.100.1",445,7,0,7,"10.84.42.134"
"1495484282.000",492,0,492,"10.125.242.1",445,7,0,7,"10.84.42.134"
"1495484268.000",10118,4564,5554,"10.11.168.180",445,49,23,26,"10.84.42.134"
"1495484266.000",492,0,492,"10.125.242.1",445,7,0,7,"10.84.42.134"
"1495484266.000",492,0,492,"136.98.149.1",445,7,0,7,"10.84.42.134"
"1495484261.000",492,0,492,"10.125.242.1",445,7,0,7,"10.84.42.134"
"1495484261.000",492,0,492,"136.98.149.1",445,7,0,7,"10.84.42.134"
"1495484261.000",492,0,492,"136.98.100.1",445,7,0,7,"10.84.42.134"
"1495483963.000",492,0,492,"10.125.242.1",445,7,0,7,"10.84.42.134"
"1495483963.000",492,0,492,"136.98.100.1",445,7,0,7,"10.84.42.134"
"1495483963.000",492,0,492,"136.98.149.1",445,7,0,7,"10.84.42.134"
"1495483951.000",492,0,492,"136.98.100.1",445,7,0,7,"10.84.42.134"
"1495483951.000",492,0,492,"136.98.149.1",445,7,0,7,"10.84.42.134"
"1495483951.000",492,0,492,"10.125.242.1",445,7,0,7,"10.84.42.134"
"1495483698.000",492,0,492,"136.98.100.1",445,7,0,7,"10.84.42.134"
"1495483698.000",6044,1571,4473,"10.11.168.10",445,21,9,12,"10.84.42.134"
"1495483698.000",492,0,492,"10.125.242.1",445,7,0,7,"10.84.42.134"
"1495483698.000",10060,4506,5554,"10.11.168.180",445,48,22,26,"10.84.42.134"
"1495483695.000",574,0,574,"136.98.149.1",445,8,0,8,"10.84.42.134"
"1495483695.000",574,0,574,"136.98.100.1",445,8,0,8,"10.84.42.134"
"1495483595.000",492,0,492,"10.125.242.1",445,7,0,7,"10.84.42.134"
"1495483595.000",492,0,492,"136.98.100.1",445,7,0,7,"10.84.42.134"
"1495483595.000",492,0,492,"136.98.149.1",445,7,0,7,"10.84.42.134"
"1495483586.000",492,0,492,"136.98.100.1",445,7,0,7,"10.84.42.134"
"1495483586.000",492,0,492,"136.98.149.1",445,7,0,7,"10.84.42.134"
"1495483586.000",492,0,492,"10.125.242.1",445,7,0,7,"10.84.42.134"
"1495483579.000",492,0,492,"136.98.100.1",445,7,0,7,"10.84.42.134"
"1495483579.000",492,0,492,"136.98.149.1",445,7,0,7,"10.84.42.134"
"1495483579.000",492,0,492,"10.125.242.1",445,7,0,7,"10.84.42.134"
"1495482990.000",492,0,492,"136.98.149.1",445,7,0,7,"10.84.42.134"
"1495482989.000",492,0,492,"136.98.100.1",445,7,0,7,"10.84.42.134"
"1495482989.000",492,0,492,"136.98.149.1",445,7,0,7,"10.84.42.134"
"1495482989.000",492,0,492,"10.125.242.1",445,7,0,7,"10.84.42.134"
"1495482989.000",492,0,492,"10.125.242.1",445,7,0,7,"10.84.42.134"
"1495482989.000",492,0,492,"136.98.100.1",445,7,0,7,"10.84.42.134"
"1495482989.000",492,0,492,"136.98.149.1",445,7,0,7,"10.84.42.134"
"1495482768.000",10060,4506,5554,"10.11.168.180",445,48,22,26,"10.84.42.134"
"1495482761.000",492,0,492,"10.125.242.1",445,7,0,7,"10.84.42.134"
"1495482761.000",492,0,492,"136.98.149.1",445,7,0,7,"10.84.42.134"
"1495482761.000",492,0,492,"136.98.100.1",445,7,0,7,"10.84.42.134"
"1495481790.000",492,0,492,"136.98.149.1",445,7,0,7,"10.84.42.134"
"1495481790.000",492,0,492,"136.98.100.1",445,7,0,7,"10.84.42.134"
"1495481790.000",492,0,492,"10.125.242.1",445,7,0,7,"10.84.42.134"
"1495481787.000",6447,1823,4624,"10.11.168.10",445,23,9,14,"10.84.42.134"
"1495481782.000",492,0,492,"136.98.100.1",445,7,0,7,"10.84.42.134"
"1495481782.000",492,0,492,"10.125.242.1",445,7,0,7,"10.84.42.134"
"1495481782.000",492,0,492,"136.98.149.1",445,7,0,7,"10.84.42.134"
"1495481778.000",164,0,164,"136.98.149.1",445,3,0,3,"10.84.42.134"
"1495481778.000",164,0,164,"136.98.100.1",445,3,0,3,"10.84.42.134"
"1495481778.000",164,0,164,"10.125.242.1",445,3,0,3,"10.84.42.134"
"1495481542.000",492,0,492,"136.98.149.1",445,7,0,7,"10.83.84.205"
"1495481542.000",492,0,492,"10.125.242.1",445,7,0,7,"10.83.84.205"
"1495481542.000",492,0,492,"136.98.100.1",445,7,0,7,"10.83.84.205"
"1495481388.000",492,0,492,"136.98.100.1",445,7,0,7,"10.84.42.134"
"1495481388.000",492,0,492,"10.125.242.1",445,7,0,7,"10.84.42.134"
"1495481388.000",492,0,492,"136.98.149.1",445,7,0,7,"10.84.42.134"
"1495480969.000",492,0,492,"10.125.242.1",445,7,0,7,"10.84.42.134"
"1495480969.000",492,0,492,"136.98.149.1",445,7,0,7,"10.84.42.134"
"1495480969.000",492,0,492,"136.98.100.1",445,7,0,7,"10.84.42.134"
"1495480963.000",492,0,492,"136.98.100.1",445,7,0,7,"10.84.42.134"
"1495480963.000",492,0,492,"136.98.149.1",445,7,0,7,"10.84.42.134"
"1495480963.000",492,0,492,"10.125.242.1",445,7,0,7,"10.84.42.134"
"1495480829.000",410,0,410,"136.98.149.1",445,6,0,6,"10.84.42.134"
"1495480829.000",410,0,410,"136.98.100.1",445,6,0,6,"10.84.42.134"
"1495480829.000",410,0,410,"10.125.242.1",445,6,0,6,"10.84.42.134"
"1495480820.000",492,0,492,"136.98.149.1",445,7,0,7,"10.84.42.134"
"1495480716.000",7442,2346,5096,"10.11.168.9",445,26,11,15,"10.84.42.134"
"1495479715.000",8137,2743,5394,"10.11.168.9",445,30,13,17,"10.84.42.134"
"1495478804.000",248846,219829,29017,"10.11.168.180",445,450,222,228,"10.84.42.134"
"1495478788.000",8025,2701,5324,"10.11.168.9",445,28,12,16,"10.84.42.134"
"1495478785.000",7505,2347,5158,"10.11.168.10",445,26,11,15,"10.84.42.134"
"1495478509.000",422,212,210,"10.83.68.49",445,7,3,4,"10.84.42.134"
"1495478509.000",2070,1154,916,"10.83.68.49",445,16,6,10,"10.84.42.134"
"1495478507.000",422,212,210,"10.83.68.49",445,7,3,4,"10.84.42.134"
"1495478507.000",2070,1154,916,"10.83.68.49",445,16,6,10,"10.84.42.134"
"1495478506.000",2070,1154,916,"10.83.68.49",445,16,6,10,"10.84.42.134"
"1495478506.000",422,212,210,"10.83.68.49",445,7,3,4,"10.84.42.134"
"1495478319.000",6486,1881,4605,"10.11.168.9",445,23,10,13,"10.84.42.134"
"1495478175.000",492,0,492,"10.125.242.1",445,7,0,7,"10.84.42.134"
"1495478175.000",492,0,492,"136.98.149.1",445,7,0,7,"10.84.42.134"
"1495478175.000",492,0,492,"136.98.100.1",445,7,0,7,"10.84.42.134"
"1495477833.000",492,0,492,"136.98.100.1",445,7,0,7,"10.84.42.134"
"1495477833.000",492,0,492,"136.98.149.1",445,7,0,7,"10.84.42.134"
"1495477833.000",492,0,492,"10.125.242.1",445,7,0,7,"10.84.42.134"
"1495477633.000",6699,1950,4749,"10.11.168.9",445,25,11,14,"10.84.42.134"
"1495477193.000",492,0,492,"136.98.100.1",445,7,0,7,"10.84.42.134"
"1495477193.000",492,0,492,"136.98.149.1",445,7,0,7,"10.84.42.134"
"1495477193.000",492,0,492,"10.125.242.1",445,7,0,7,"10.84.42.134"
"1495477106.000",492,0,492,"10.125.242.1",445,7,0,7,"10.84.42.134"
"1495477106.000",492,0,492,"136.98.100.1",445,7,0,7,"10.84.42.134"
"1495477106.000",492,0,492,"136.98.149.1",445,7,0,7,"10.84.42.134"
"1495477102.000",492,0,492,"10.125.242.1",445,7,0,7,"10.84.42.134"
"1495477102.000",492,0,492,"136.98.149.1",445,7,0,7,"10.84.42.134"
"1495477102.000",492,0,492,"136.98.100.1",445,7,0,7,"10.84.42.134"
"1495477088.000",492,0,492,"10.125.242.1",445,7,0,7,"10.84.42.134"
"1495477088.000",492,0,492,"136.98.100.1",445,7,0,7,"10.84.42.134"
"1495477088.000",492,0,492,"136.98.149.1",445,7,0,7,"10.84.42.134"
"1495477024.000",492,0,492,"136.98.149.1",445,7,0,7,"10.84.42.134"
"1495477024.000",492,0,492,"136.98.100.1",445,7,0,7,"10.84.42.134"
"1495477024.000",492,0,492,"10.125.242.1",445,7,0,7,"10.84.42.134"
"1495477022.000",492,0,492,"136.98.100.1",445,7,0,7,"10.84.42.134"
"1495477022.000",492,0,492,"136.98.149.1",445,7,0,7,"10.84.42.134"
"1495477022.000",492,0,492,"10.125.242.1",445,7,0,7,"10.84.42.134"
"1495477022.000",492,0,492,"10.125.242.1",445,7,0,7,"10.84.42.134"
"1495477022.000",492,0,492,"136.98.149.1",445,7,0,7,"10.84.42.134"
"1495477022.000",492,0,492,"136.98.100.1",445,7,0,7,"10.84.42.134"
"1495476749.000",492,0,492,"10.125.242.1",445,7,0,7,"10.84.42.134"
"1495476749.000",492,0,492,"136.98.100.1",445,7,0,7,"10.84.42.134"
"1495476749.000",492,0,492,"136.98.149.1",445,7,0,7,"10.84.42.134"
"1495476749.000",492,0,492,"10.125.242.1",445,7,0,7,"10.84.42.134"
"1495476749.000",492,0,492,"136.98.149.1",445,7,0,7,"10.84.42.134"
"1495476749.000",492,0,492,"136.98.100.1",445,7,0,7,"10.84.42.134"
"1495476641.000",492,0,492,"10.125.242.1",445,7,0,7,"10.84.42.134"
"1495476641.000",492,0,492,"136.98.149.1",445,7,0,7,"10.84.42.134"
"1495476641.000",492,0,492,"136.98.100.1",445,7,0,7,"10.84.42.134"
"1495476609.000",492,0,492,"136.98.149.1",445,7,0,7,"10.84.42.134"
"1495476609.000",492,0,492,"136.98.100.1",445,7,0,7,"10.84.42.134"
"1495476609.000",492,0,492,"10.125.242.1",445,7,0,7,"10.84.42.134"
"1495476605.000",492,0,492,"136.98.100.1",445,7,0,7,"10.84.42.134"
"1495476605.000",492,0,492,"136.98.149.1",445,7,0,7,"10.84.42.134"
"1495476605.000",492,0,492,"10.125.242.1",445,7,0,7,"10.84.42.134"
"1495476596.000",492,0,492,"10.125.242.1",445,7,0,7,"10.84.42.134"
"1495476596.000",492,0,492,"136.98.100.1",445,7,0,7,"10.84.42.134"
"1495476596.000",492,0,492,"136.98.149.1",445,7,0,7,"10.84.42.134"
"1495476592.000",492,0,492,"136.98.149.1",445,7,0,7,"10.84.42.134"
"1495476591.000",492,0,492,"136.98.100.1",445,7,0,7,"10.84.42.134"
"1495476591.000",492,0,492,"10.125.242.1",445,7,0,7,"10.84.42.134"
"1495476591.000",492,0,492,"136.98.149.1",445,7,0,7,"10.84.42.134"
"1495476557.000",492,0,492,"10.125.242.1",445,7,0,7,"10.84.42.134"
"1495476557.000",492,0,492,"136.98.100.1",445,7,0,7,"10.84.42.134"
"1495476557.000",492,0,492,"136.98.149.1",445,7,0,7,"10.84.42.134"
"1495476417.000",492,0,492,"136.98.100.1",445,7,0,7,"10.84.42.134"
"1495476417.000",492,0,492,"10.125.242.1",445,7,0,7,"10.84.42.134"
"1495476417.000",492,0,492,"136.98.149.1",445,7,0,7,"10.84.42.134"
"1495476413.000",492,0,492,"136.98.100.1",445,7,0,7,"10.84.42.134"
"1495476413.000",492,0,492,"10.125.242.1",445,7,0,7,"10.84.42.134"
"1495476413.000",492,0,492,"136.98.149.1",445,7,0,7,"10.84.42.134"
"1495476356.000",492,0,492,"10.125.242.1",445,7,0,7,"10.84.42.134"
"1495476356.000",492,0,492,"136.98.149.1",445,7,0,7,"10.84.42.134"
"1495476355.000",492,0,492,"10.125.242.1",445,7,0,7,"10.84.42.134"
"1495476355.000",492,0,492,"136.98.100.1",445,7,0,7,"10.84.42.134"
"1495476355.000",492,0,492,"136.98.149.1",445,7,0,7,"10.84.42.134"
"1495476350.000",492,0,492,"136.98.100.1",445,7,0,7,"10.84.42.134"
"1495476350.000",492,0,492,"136.98.149.1",445,7,0,7,"10.84.42.134"
"1495476350.000",492,0,492,"136.98.100.1",445,7,0,7,"10.84.42.134"
"1495476350.000",492,0,492,"136.98.149.1",445,7,0,7,"10.84.42.134"
"1495476350.000",492,0,492,"10.125.242.1",445,7,0,7,"10.84.42.134"
"1495476350.000",492,0,492,"10.125.242.1",445,7,0,7,"10.84.42.134"
"1495476345.000",492,0,492,"10.125.242.1",445,7,0,7,"10.84.42.134"
"1495476345.000",492,0,492,"136.98.100.1",445,7,0,7,"10.84.42.134"
"1495476345.000",492,0,492,"136.98.149.1",445,7,0,7,"10.84.42.134"
"1495476191.000",492,0,492,"10.125.242.1",445,7,0,7,"10.84.42.134"
"1495476191.000",492,0,492,"136.98.100.1",445,7,0,7,"10.84.42.134"
"1495476186.000",492,0,492,"10.125.242.1",445,7,0,7,"10.84.42.134"
"1495476186.000",492,0,492,"136.98.149.1",445,7,0,7,"10.84.42.134"
"1495476186.000",492,0,492,"136.98.100.1",445,7,0,7,"10.84.42.134"
"1495476181.000",492,0,492,"136.98.100.1",445,7,0,7,"10.84.42.134"
"1495476181.000",492,0,492,"10.125.242.1",445,7,0,7,"10.84.42.134"
"1495476181.000",492,0,492,"136.98.149.1",445,7,0,7,"10.84.42.134"
"1495476180.000",492,0,492,"136.98.100.1",445,7,0,7,"10.84.42.134"
"1495476180.000",492,0,492,"10.125.242.1",445,7,0,7,"10.84.42.134"
"1495476180.000",492,0,492,"136.98.149.1",445,7,0,7,"10.84.42.134"
"1495475877.000",492,0,492,"10.125.242.1",445,7,0,7,"10.84.42.134"
"1495475877.000",492,0,492,"136.98.100.1",445,7,0,7,"10.84.42.134"
"1495475877.000",492,0,492,"136.98.149.1",445,7,0,7,"10.84.42.134"
"1495475875.000",6447,1823,4624,"10.11.168.9",445,23,9,14,"10.84.42.134"
"1495475749.000",492,0,492,"136.98.149.1",445,7,0,7,"10.84.42.134"
"1495475749.000",492,0,492,"10.125.242.1",445,7,0,7,"10.84.42.134"
"1495475749.000",492,0,492,"136.98.100.1",445,7,0,7,"10.84.42.134"
"1495475185.000",7563,2405,5158,"10.11.168.10",445,27,12,15,"10.84.42.134"
"1495475106.000",492,0,492,"136.98.100.1",445,7,0,7,"10.84.42.134"
"1495475106.000",492,0,492,"136.98.149.1",445,7,0,7,"10.84.42.134"
"1495475089.000",492,0,492,"136.98.100.1",445,7,0,7,"10.84.42.134"
"1495475089.000",492,0,492,"136.98.149.1",445,7,0,7,"10.84.42.134"
"1495475089.000",492,0,492,"136.98.100.1",445,7,0,7,"10.84.42.134"
"1495475089.000",492,0,492,"136.98.149.1",445,7,0,7,"10.84.42.134"
"1495474647.000",10556,4776,5780,"10.11.168.180",445,51,24,27,"10.84.42.134"
"1495474640.000",492,0,492,"10.125.242.1",445,7,0,7,"10.84.42.134"
"1495474640.000",492,0,492,"136.98.100.1",445,7,0,7,"10.84.42.134"
"1495474458.000",492,0,492,"136.98.100.1",445,7,0,7,"10.84.42.134"
"1495474458.000",492,0,492,"10.125.242.1",445,7,0,7,"10.84.42.134"
"1495474458.000",492,0,492,"136.98.149.1",445,7,0,7,"10.84.42.134"
"1495474033.000",6629,1880,4749,"10.11.168.9",445,24,10,14,"10.84.42.134"
"1495472033.000",1986,1140,846,"10.83.65.91",445,15,6,9,"10.84.42.134"
"1495472033.000",286,146,140,"10.83.65.91",445,5,2,3,"10.84.42.134"
"1495471887.000",286,146,140,"10.83.65.91",445,5,2,3,"10.84.42.134"
"1495471884.000",1976,1130,846,"10.83.153.66",445,15,6,9,"10.84.42.134"
"1495471884.000",282,142,140,"10.83.153.66",445,5,2,3,"10.84.42.134"
"1495471882.000",1986,1140,846,"10.83.65.91",445,15,6,9,"10.84.42.134"
"1495471882.000",286,146,140,"10.83.65.91",445,5,2,3,"10.84.42.134"
"1495471333.000",6571,1822,4749,"10.11.168.9",445,23,9,14,"10.84.42.134"
"1495470715.000",8073,2679,5394,"10.11.168.9",445,29,12,17,"10.84.42.134"
"1495470433.000",6571,1822,4749,"10.11.168.9",445,23,9,14,"10.84.42.134"
"1495470391.000",2070,1154,916,"10.83.14.42",445,16,6,10,"10.84.42.134"
"1495470391.000",422,212,210,"10.83.14.42",445,7,3,4,"10.84.42.134"
"1495470391.000",2070,1154,916,"10.83.68.49",445,16,6,10,"10.84.42.134"
"1495470206.000",138,78,60,"10.83.65.91",445,3,1,2,"10.84.42.134"
"1495470205.000",286,146,140,"10.83.65.91",445,5,2,3,"10.84.42.134"
"1495470205.000",1986,1140,846,"10.83.65.91",445,15,6,9,"10.84.42.134"
"1495469407.000",138,78,60,"10.83.65.91",445,3,1,2,"10.84.42.134"
"1495469407.000",138,78,60,"10.83.65.91",445,3,1,2,"10.84.42.134"
"1495469405.000",286,146,140,"10.83.65.91",445,5,2,3,"10.84.42.134"
"1495469405.000",1986,1140,846,"10.83.65.91",445,15,6,9,"10.84.42.134"
"1495469312.000",286,146,140,"10.83.65.91",445,5,2,3,"10.84.42.134"
"1495469307.000",138,78,60,"10.83.65.91",445,3,1,2,"10.84.42.134"
"1495469014.000",1986,1140,846,"10.83.65.91",445,15,6,9,"10.84.42.134"
"1495469014.000",356,216,140,"10.83.65.91",445,6,3,3,"10.84.42.134"
"1495469012.000",138,78,60,"10.83.65.91",445,3,1,2,"10.84.42.134"
"1495469010.000",422,212,210,"10.83.14.42",445,7,3,4,"10.84.42.134"
"1495469010.000",2070,1154,916,"10.83.14.42",445,16,6,10,"10.84.42.134"
"1495469010.000",2070,1154,916,"10.83.68.49",445,16,6,10,"10.84.42.134"
"1495469009.000",422,212,210,"10.83.68.49",445,7,3,4,"10.84.42.134"
"1495469007.000",494,284,210,"10.83.65.91",445,8,4,4,"10.84.42.134"
"1495469007.000",2124,1208,916,"10.83.65.91",445,17,7,10,"10.84.42.134"
"1495469005.000",312,230,82,"10.83.65.91",445,4,3,1,"10.84.42.134"
"1495469001.000",82,0,82,"136.98.182.1",445,1,0,1,"10.84.42.134"
"1495469001.000",82,0,82,"136.98.181.1",445,1,0,1,"10.84.42.134"
"1495468958.000",1986,1140,846,"10.83.65.91",445,15,6,9,"10.84.42.134"
"1495468958.000",286,146,140,"10.83.65.91",445,5,2,3,"10.84.42.134"
"1495468753.000",422,212,210,"10.83.68.49",445,7,3,4,"10.84.42.134"
"1495468753.000",2070,1154,916,"10.83.68.49",445,16,6,10,"10.84.42.134"
"1495468752.000",2070,1154,916,"10.83.14.42",445,16,6,10,"10.84.42.134"
"1495468752.000",282,142,140,"10.83.14.42",445,5,2,3,"10.84.42.134"
"1495468491.000",82,0,82,"136.98.181.1",445,1,0,1,"10.84.42.134"
"1495468491.000",82,0,82,"136.98.182.1",445,1,0,1,"10.84.42.134"
"1495468491.000",422,212,210,"10.83.68.49",445,7,3,4,"10.84.42.134"
"1495468491.000",2070,1154,916,"10.83.68.49",445,16,6,10,"10.84.42.134"
"1495468491.000",82,0,82,"136.98.182.1",445,1,0,1,"10.84.42.134"
"1495468491.000",82,0,82,"136.98.181.1",445,1,0,1,"10.84.42.134"
"1495468389.000",422,212,210,"10.83.68.49",445,7,3,4,"10.84.42.134"
"1495468389.000",422,212,210,"10.83.68.49",445,7,3,4,"10.84.42.134"
"1495468389.000",2070,1154,916,"10.83.68.49",445,16,6,10,"10.84.42.134"
"1495468389.000",2070,1154,916,"10.83.68.49",445,16,6,10,"10.84.42.134"
"1495467754.000",2070,1154,916,"10.83.68.49",445,16,6,10,"10.84.42.134"
"1495467754.000",422,212,210,"10.83.68.49",445,7,3,4,"10.84.42.134"
"1495467754.000",282,142,140,"10.83.68.49",445,5,2,3,"10.84.42.134"
"1495467754.000",2070,1154,916,"10.83.68.49",445,16,6,10,"10.84.42.134"
"1495467754.000",282,142,140,"10.83.68.49",445,5,2,3,"10.84.42.134"
"1495467754.000",2070,1154,916,"10.83.68.49",445,16,6,10,"10.84.42.134"
"1495467752.000",2070,1154,916,"10.83.68.49",445,16,6,10,"10.84.42.134"
"1495467751.000",422,212,210,"10.83.68.49",445,7,3,4,"10.84.42.134"
"1495467567.000",282,142,140,"10.83.29.108",445,5,2,3,"10.84.42.134"
"1495467561.000",352,212,140,"10.83.29.108",445,6,3,3,"10.84.42.134"
"1495467556.000",138,78,60,"10.83.29.108",445,3,1,2,"10.84.42.134"
"1495467554.000",422,212,210,"10.83.68.49",445,7,3,4,"10.84.42.134"
"1495467554.000",2070,1154,916,"10.83.68.49",445,16,6,10,"10.84.42.134"
"1495467554.000",422,212,210,"10.83.68.49",445,7,3,4,"10.84.42.134"
"1495467554.000",2070,1154,916,"10.83.68.49",445,16,6,10,"10.84.42.134"
"1495467553.000",282,142,140,"10.83.68.49",445,5,2,3,"10.84.42.134"
"1495467553.000",2070,1154,916,"10.83.68.49",445,16,6,10,"10.84.42.134"
"1495467553.000",422,212,210,"10.83.68.49",445,7,3,4,"10.84.42.134"
"1495467553.000",2070,1154,916,"10.83.68.49",445,16,6,10,"10.84.42.134"
"1495467552.000",422,212,210,"10.83.68.49",445,7,3,4,"10.84.42.134"
"1495467552.000",2070,1154,916,"10.83.68.49",445,16,6,10,"10.84.42.134"
"1495467515.000",422,212,210,"10.83.68.49",445,7,3,4,"10.84.42.134"
"1495467353.000",282,142,140,"10.83.29.108",445,5,2,3,"10.84.42.134"
"1495467353.000",1987,1141,846,"10.83.29.108",445,15,6,9,"10.84.42.134"
"1495467353.000",412,212,200,"10.83.3.150",445,7,3,4,"10.84.42.134"
"1495467115.000",7565,2417,5148,"10.11.168.9",445,27,12,15,"10.84.42.134"
"1495466248.000",282,142,140,"10.83.68.49",445,5,2,3,"10.84.42.134"
"1495466248.000",2070,1154,916,"10.83.68.49",445,16,6,10,"10.84.42.134"
"1495466248.000",2070,1154,916,"10.83.68.49",445,16,6,10,"10.84.42.134"
"1495466248.000",422,212,210,"10.83.68.49",445,7,3,4,"10.84.42.134"
"1495463514.000",7501,2353,5148,"10.11.168.9",445,26,11,15,"10.84.42.134"
"1495451699.000",62,0,62,"10.204.90.26",445,1,0,1,"10.84.42.231"
"1495451698.000",62,0,62,"10.204.90.15",445,1,0,1,"10.84.42.231"
"1495451698.000",62,0,62,"10.214.186.233",445,1,0,1,"10.84.42.231"
"1495451698.000",62,0,62,"10.214.186.230",445,1,0,1,"10.84.42.231"
"1495451698.000",62,0,62,"10.214.168.204",445,1,0,1,"10.84.42.231"
"1495451698.000",62,0,62,"10.214.186.234",445,1,0,1,"10.84.42.231"
"1495451698.000",62,0,62,"10.204.90.27",445,1,0,1,"10.84.42.231"
"1495451697.000",62,0,62,"10.112.168.33",445,1,0,1,"10.84.42.231"
"1495451693.000",132,0,132,"10.204.90.26",445,2,0,2,"10.84.42.231"
"1495451692.000",132,0,132,"10.214.186.233",445,2,0,2,"10.84.42.231"
"1495451692.000",132,0,132,"10.204.90.15",445,2,0,2,"10.84.42.231"
"1495451692.000",132,0,132,"10.204.90.27",445,2,0,2,"10.84.42.231"
"1495451692.000",132,0,132,"10.214.168.204",445,2,0,2,"10.84.42.231"
"1495451692.000",132,0,132,"10.214.186.234",445,2,0,2,"10.84.42.231"
"1495451692.000",132,0,132,"10.214.186.230",445,2,0,2,"10.84.42.231"
"1495451691.000",132,0,132,"10.112.168.33",445,2,0,2,"10.84.42.231"
"1495451678.000",62,0,62,"10.222.58.6",445,1,0,1,"10.84.42.231"
"1495451678.000",62,0,62,"10.222.58.18",445,1,0,1,"10.84.42.231"
"1495451678.000",62,0,62,"10.4.92.5",445,1,0,1,"10.84.42.231"
"1495451677.000",62,0,62,"10.195.83.193",445,1,0,1,"10.84.42.231"
"1495451677.000",62,0,62,"10.222.58.11",445,1,0,1,"10.84.42.231"
"1495451677.000",62,0,62,"10.4.92.1",445,1,0,1,"10.84.42.231"
"1495451677.000",62,0,62,"10.4.92.2",445,1,0,1,"10.84.42.231"
"1495451677.000",62,0,62,"10.112.168.28",445,1,0,1,"10.84.42.231"
"1495451672.000",132,0,132,"10.4.92.5",445,2,0,2,"10.84.42.231"
"1495451672.000",132,0,132,"10.222.58.18",445,2,0,2,"10.84.42.231"
"1495451672.000",132,0,132,"10.222.58.6",445,2,0,2,"10.84.42.231"
"1495451671.000",132,0,132,"10.195.83.193",445,2,0,2,"10.84.42.231"
"1495451671.000",132,0,132,"10.4.92.1",445,2,0,2,"10.84.42.231"
"1495451671.000",132,0,132,"10.222.58.11",445,2,0,2,"10.84.42.231"
"1495451671.000",132,0,132,"10.4.92.2",445,2,0,2,"10.84.42.231"
"1495451671.000",132,0,132,"10.112.168.28",445,2,0,2,"10.84.42.231"
"1495443915.000",132,0,132,"10.21.34.13",445,2,0,2,"10.84.42.134"
"1495443915.000",132,0,132,"10.21.34.11",445,2,0,2,"10.84.42.134"
"1495443915.000",132,0,132,"10.151.34.11",445,2,0,2,"10.84.42.134"
"1495443915.000",132,0,132,"10.151.34.12",445,2,0,2,"10.84.42.134"
"1495443915.000",132,0,132,"10.21.34.12",445,2,0,2,"10.84.42.134"
"1495443713.000",7501,2353,5148,"10.11.168.9",445,26,11,15,"10.84.42.134"
"1495441183.000",14228,4803,9425,"10.11.168.9",445,53,23,30,"10.84.42.134"
"1495439213.000",7501,2353,5148,"10.11.168.9",445,26,11,15,"10.84.42.134"
"1495433813.000",7565,2417,5148,"10.11.168.9",445,27,12,15,"10.84.42.134"
"1495482702.000",217526,113506,104020,"10.11.168.10",445,796,391,405,"10.84.42.134"
"1495482468.000",10118,4564,5554,"10.11.168.180",445,49,23,26,"10.84.42.134"
"1495482114.000",82,0,82,"186.214.252.94",445,1,0,1,"10.84.42.134"
"1495482114.000",2070,1154,916,"10.83.68.49",445,16,6,10,"10.84.42.134"
"1495482114.000",422,212,210,"10.83.68.49",445,7,3,4,"10.84.42.134"
"1495482114.000",2070,1154,916,"10.83.68.49",445,16,6,10,"10.84.42.134"
"1495482112.000",82,0,82,"136.98.182.1",445,2,0,2,"10.84.42.134"
"1495482112.000",82,0,82,"136.98.181.1",445,2,0,2,"10.84.42.134"
"1495482112.000",82,0,82,"10.157.36.22",445,2,0,2,"10.84.42.134"
"1495482112.000",82,0,82,"10.157.36.22",445,2,0,2,"10.84.42.134"
"1495482112.000",82,0,82,"186.214.252.94",445,1,0,1,"10.84.42.134"
"1495482112.000",82,0,82,"136.98.182.1",445,2,0,2,"10.84.42.134"
"1495482112.000",82,0,82,"136.98.181.1",445,2,0,2,"10.84.42.134"
"1495482110.000",82,0,82,"136.98.181.1",445,2,0,2,"10.84.42.134"
"1495482110.000",82,0,82,"136.98.182.1",445,2,0,2,"10.84.42.134"
"1495482110.000",82,0,82,"10.157.36.22",445,2,0,2,"10.84.42.134"
"1495482110.000",82,0,82,"186.214.252.94",445,1,0,1,"10.84.42.134"
"1495482106.000",82,0,82,"10.157.36.22",445,2,0,2,"10.84.42.134"
"1495482106.000",82,0,82,"136.98.182.1",445,2,0,2,"10.84.42.134"
"1495482106.000",82,0,82,"186.214.252.94",445,1,0,1,"10.84.42.134"
"1495482106.000",82,0,82,"186.214.252.94",445,1,0,1,"10.84.42.134"
"1495482106.000",82,0,82,"10.157.36.22",445,2,0,2,"10.84.42.134"
"1495482106.000",82,0,82,"136.98.182.1",445,2,0,2,"10.84.42.134"
"1495482106.000",82,0,82,"136.98.181.1",445,2,0,2,"10.84.42.134"
"1495482106.000",82,0,82,"136.98.181.1",445,2,0,2,"10.84.42.134"
"1495482103.000",82,0,82,"136.98.100.1",445,2,0,2,"10.84.42.134"
"1495482103.000",82,0,82,"136.98.149.1",445,2,0,2,"10.84.42.134"
"1495482103.000",82,0,82,"10.125.242.1",445,2,0,2,"10.84.42.134"
"1495481831.000",492,0,492,"136.98.100.1",445,7,0,7,"10.84.42.134"
"1495481831.000",492,0,492,"136.98.149.1",445,7,0,7,"10.84.42.134"
"1495481831.000",492,0,492,"10.125.242.1",445,7,0,7,"10.84.42.134"
"1495481525.000",492,0,492,"136.98.149.1",445,7,0,7,"10.84.42.134"
"1495481525.000",492,0,492,"10.125.242.1",445,7,0,7,"10.84.42.134"
"1495481525.000",492,0,492,"136.98.100.1",445,7,0,7,"10.84.42.134"
"1495480333.000",13635,6566,7069,"10.11.168.180",445,71,40,31,"10.84.42.134"
"1495480333.000",6571,1822,4749,"10.11.168.9",445,23,9,14,"10.84.42.134"
"1495480119.000",7264,2589,4675,"10.11.168.9",445,26,12,14,"10.84.42.134"
"1495478774.000",6466,1823,4643,"10.11.168.9",445,23,9,14,"10.84.42.134"
"1495478714.000",12020,4391,7629,"10.11.168.9",445,51,23,28,"10.84.42.134"
"1495478714.000",122934002,59538888,63395114,"10.11.168.3",445,604732,293199,311533,"10.84.42.134"
"1495477895.000",492,0,492,"10.125.242.1",445,7,0,7,"10.84.42.134"
"1495477895.000",492,0,492,"136.98.149.1",445,7,0,7,"10.84.42.134"
"1495477895.000",492,0,492,"136.98.100.1",445,7,0,7,"10.84.42.134"
"1495477395.000",492,0,492,"10.125.242.1",445,7,0,7,"10.84.42.134"
"1495477395.000",492,0,492,"136.98.149.1",445,7,0,7,"10.84.42.134"
"1495477395.000",492,0,492,"136.98.100.1",445,7,0,7,"10.84.42.134"
"1495477393.000",574,0,574,"136.98.149.1",445,8,0,8,"10.84.42.134"
"1495477393.000",574,0,574,"136.98.100.1",445,8,0,8,"10.84.42.134"
"1495477320.000",492,0,492,"136.98.100.1",445,7,0,7,"10.84.42.134"
"1495477320.000",492,0,492,"10.125.242.1",445,7,0,7,"10.84.42.134"
"1495477320.000",492,0,492,"136.98.149.1",445,7,0,7,"10.84.42.134"
"1495477310.000",492,0,492,"10.125.242.1",445,7,0,7,"10.84.42.134"
"1495477310.000",492,0,492,"136.98.149.1",445,7,0,7,"10.84.42.134"
"1495477305.000",492,0,492,"136.98.100.1",445,7,0,7,"10.84.42.134"
"1495477305.000",492,0,492,"10.125.242.1",445,7,0,7,"10.84.42.134"
"1495477238.000",7500,2404,5096,"10.11.168.10",445,27,12,15,"10.84.42.134"
"1495477237.000",1972,1126,846,"10.83.65.123",445,15,6,9,"10.84.42.134"
"1495477237.000",352,212,140,"10.83.65.123",445,6,3,3,"10.84.42.134"
"1495476793.000",492,0,492,"136.98.149.1",445,7,0,7,"10.84.42.134"
"1495476793.000",492,0,492,"136.98.100.1",445,7,0,7,"10.84.42.134"
"1495476793.000",492,0,492,"136.98.149.1",445,7,0,7,"10.84.42.134"
"1495476793.000",492,0,492,"136.98.100.1",445,7,0,7,"10.84.42.134"
"1495476787.000",492,0,492,"136.98.100.1",445,7,0,7,"10.84.42.134"
"1495476787.000",492,0,492,"136.98.149.1",445,7,0,7,"10.84.42.134"
"1495476787.000",492,0,492,"10.125.242.1",445,7,0,7,"10.84.42.134"
"1495476781.000",492,0,492,"136.98.149.1",445,7,0,7,"10.84.42.134"
"1495476781.000",492,0,492,"10.125.242.1",445,7,0,7,"10.84.42.134"
"1495476781.000",492,0,492,"136.98.100.1",445,7,0,7,"10.84.42.134"
"1495476780.000",492,0,492,"136.98.100.1",445,7,0,7,"10.84.42.134"
"1495476780.000",492,0,492,"136.98.149.1",445,7,0,7,"10.84.42.134"
"1495476780.000",492,0,492,"10.125.242.1",445,7,0,7,"10.84.42.134"
"1495476779.000",492,0,492,"10.125.242.1",445,7,0,7,"10.84.42.134"
"1495476779.000",492,0,492,"136.98.149.1",445,7,0,7,"10.84.42.134"
"1495476779.000",492,0,492,"136.98.100.1",445,7,0,7,"10.84.42.134"
"1495476696.000",82,0,82,"136.98.182.1",445,2,0,2,"10.84.42.134"
"1495476696.000",82,0,82,"136.98.181.1",445,2,0,2,"10.84.42.134"
"1495476694.000",422,212,210,"10.83.68.49",445,7,3,4,"10.84.42.134"
"1495476694.000",2070,1154,916,"10.83.68.49",445,16,6,10,"10.84.42.134"
"1495476694.000",82,0,82,"186.214.252.94",445,2,0,2,"10.84.42.134"
"1495476693.000",82,0,82,"136.98.182.1",445,2,0,2,"10.84.42.134"
"1495476693.000",82,0,82,"136.98.181.1",445,2,0,2,"10.84.42.134"
"1495476692.000",82,0,82,"186.214.252.94",445,2,0,2,"10.84.42.134"
"1495476692.000",82,0,82,"186.214.252.94",445,2,0,2,"10.84.42.134"
"1495476691.000",82,0,82,"136.98.182.1",445,2,0,2,"10.84.42.134"
"1495476691.000",82,0,82,"136.98.182.1",445,2,0,2,"10.84.42.134"
"1495476691.000",82,0,82,"136.98.181.1",445,2,0,2,"10.84.42.134"
"1495476691.000",82,0,82,"136.98.181.1",445,2,0,2,"10.84.42.134"
"1495476687.000",82,0,82,"186.214.252.94",445,2,0,2,"10.84.42.134"
"1495476686.000",492,0,492,"136.98.149.1",445,7,0,7,"10.84.42.134"
"1495476686.000",82,0,82,"136.98.181.1",445,2,0,2,"10.84.42.134"
"1495476686.000",492,0,492,"10.125.242.1",445,7,0,7,"10.84.42.134"
"1495476686.000",82,0,82,"136.98.182.1",445,2,0,2,"10.84.42.134"
"1495476686.000",492,0,492,"136.98.100.1",445,7,0,7,"10.84.42.134"
"1495476683.000",492,0,492,"136.98.100.1",445,7,0,7,"10.84.42.134"
"1495476683.000",492,0,492,"10.125.242.1",445,7,0,7,"10.84.42.134"
"1495476683.000",492,0,492,"136.98.100.1",445,7,0,7,"10.84.42.134"
"1495476683.000",492,0,492,"10.125.242.1",445,7,0,7,"10.84.42.134"
"1495476683.000",492,0,492,"136.98.149.1",445,7,0,7,"10.84.42.134"
"1495476683.000",492,0,492,"136.98.149.1",445,7,0,7,"10.84.42.134"
"1495476680.000",492,0,492,"136.98.149.1",445,7,0,7,"10.84.42.134"
"1495476680.000",492,0,492,"10.125.242.1",445,7,0,7,"10.84.42.134"
"1495476680.000",492,0,492,"136.98.100.1",445,7,0,7,"10.84.42.134"
"1495476679.000",492,0,492,"136.98.100.1",445,7,0,7,"10.84.42.134"
"1495476679.000",492,0,492,"136.98.149.1",445,7,0,7,"10.84.42.134"
"1495476679.000",492,0,492,"10.125.242.1",445,7,0,7,"10.84.42.134"
"1495476678.000",492,0,492,"10.125.242.1",445,7,0,7,"10.84.42.134"
"1495476678.000",492,0,492,"136.98.100.1",445,7,0,7,"10.84.42.134"
"1495476678.000",69393,29700,39693,"10.11.168.180",445,334,161,173,"10.84.42.134"
"1495476678.000",492,0,492,"136.98.149.1",445,7,0,7,"10.84.42.134"
"1495476661.000",492,0,492,"136.98.149.1",445,7,0,7,"10.84.42.134"
"1495476661.000",492,0,492,"10.125.242.1",445,7,0,7,"10.84.42.134"
"1495476661.000",492,0,492,"136.98.100.1",445,7,0,7,"10.84.42.134"
"1495476531.000",492,0,492,"136.98.149.1",445,7,0,7,"10.84.42.134"
"1495476531.000",492,0,492,"10.125.242.1",445,7,0,7,"10.84.42.134"
"1495476531.000",492,0,492,"136.98.100.1",445,7,0,7,"10.84.42.134"
"1495476530.000",492,0,492,"136.98.100.1",445,7,0,7,"10.84.42.134"
"1495476530.000",492,0,492,"10.125.242.1",445,7,0,7,"10.84.42.134"
"1495476530.000",492,0,492,"136.98.149.1",445,7,0,7,"10.84.42.134"
"1495476529.000",492,0,492,"10.125.242.1",445,7,0,7,"10.84.42.134"
"1495476529.000",492,0,492,"136.98.100.1",445,7,0,7,"10.84.42.134"
"1495476529.000",492,0,492,"136.98.149.1",445,7,0,7,"10.84.42.134"
"1495476279.000",492,0,492,"136.98.149.1",445,7,0,7,"10.84.42.134"
"1495476279.000",492,0,492,"10.125.242.1",445,7,0,7,"10.84.42.134"
"1495476279.000",492,0,492,"136.98.100.1",445,7,0,7,"10.84.42.134"
"1495476277.000",492,0,492,"136.98.100.1",445,7,0,7,"10.84.42.134"
"1495476277.000",492,0,492,"136.98.149.1",445,7,0,7,"10.84.42.134"
"1495476277.000",492,0,492,"10.125.242.1",445,7,0,7,"10.84.42.134"
"1495476274.000",492,0,492,"136.98.100.1",445,7,0,7,"10.84.42.134"
"1495476274.000",492,0,492,"10.125.242.1",445,7,0,7,"10.84.42.134"
"1495476274.000",492,0,492,"136.98.149.1",445,7,0,7,"10.84.42.134"
"1495476270.000",492,0,492,"10.125.242.1",445,7,0,7,"10.84.42.134"
"1495476270.000",492,0,492,"136.98.100.1",445,7,0,7,"10.84.42.134"
"1495476270.000",492,0,492,"136.98.100.1",445,7,0,7,"10.84.42.134"
"1495476270.000",492,0,492,"136.98.149.1",445,7,0,7,"10.84.42.134"
"1495476270.000",492,0,492,"136.98.149.1",445,7,0,7,"10.84.42.134"
"1495476270.000",492,0,492,"10.125.242.1",445,7,0,7,"10.84.42.134"
"1495476269.000",492,0,492,"136.98.149.1",445,7,0,7,"10.84.42.134"
"1495476269.000",492,0,492,"136.98.149.1",445,7,0,7,"10.84.42.134"
"1495476227.000",492,0,492,"136.98.149.1",445,7,0,7,"10.84.42.134"
"1495476227.000",492,0,492,"10.125.242.1",445,7,0,7,"10.84.42.134"
"1495476227.000",492,0,492,"136.98.149.1",445,7,0,7,"10.84.42.134"
"1495476227.000",492,0,492,"10.125.242.1",445,7,0,7,"10.84.42.134"
"1495476227.000",492,0,492,"136.98.100.1",445,7,0,7,"10.84.42.134"
"1495476227.000",492,0,492,"136.98.100.1",445,7,0,7,"10.84.42.134"
"1495476224.000",492,0,492,"10.125.242.1",445,7,0,7,"10.84.42.134"
"1495476224.000",492,0,492,"136.98.100.1",445,7,0,7,"10.84.42.134"
"1495476214.000",2121,1205,916,"10.83.65.81",445,17,7,10,"10.84.42.134"
"1495476214.000",486,276,210,"10.83.65.81",445,8,4,4,"10.84.42.134"
"1495476149.000",492,0,492,"136.98.149.1",445,7,0,7,"10.84.42.134"
"1495476149.000",492,0,492,"136.98.100.1",445,7,0,7,"10.84.42.134"
"1495476149.000",492,0,492,"10.125.242.1",445,7,0,7,"10.84.42.134"
"1495476140.000",82,0,82,"10.160.245.129",445,1,0,1,"10.84.42.134"
"1495476135.000",492,0,492,"136.98.149.1",445,7,0,7,"10.84.42.134"
"1495476135.000",492,0,492,"136.98.100.1",445,7,0,7,"10.84.42.134"
"1495476115.000",8073,2679,5394,"10.11.168.9",445,29,12,17,"10.84.42.134"
"1495476037.000",492,0,492,"10.125.242.1",445,7,0,7,"10.84.42.134"
"1495476037.000",492,0,492,"136.98.100.1",445,7,0,7,"10.84.42.134"
"1495476037.000",492,0,492,"136.98.149.1",445,7,0,7,"10.84.42.134"
"1495475922.000",492,0,492,"136.98.149.1",445,7,0,7,"10.84.42.134"
"1495475922.000",492,0,492,"136.98.100.1",445,7,0,7,"10.84.42.134"
"1495475922.000",492,0,492,"10.125.242.1",445,7,0,7,"10.84.42.134"
"1495475907.000",410,0,410,"136.98.100.1",445,6,0,6,"10.84.42.134"
"1495475907.000",410,0,410,"136.98.149.1",445,6,0,6,"10.84.42.134"
"1495475907.000",492,0,492,"10.125.242.1",445,7,0,7,"10.84.42.134"
"1495475902.000",492,0,492,"136.98.149.1",445,7,0,7,"10.84.42.134"
"1495475902.000",492,0,492,"136.98.100.1",445,7,0,7,"10.84.42.134"
"1495475902.000",492,0,492,"10.125.242.1",445,7,0,7,"10.84.42.134"
"1495475491.000",492,0,492,"10.125.242.1",445,7,0,7,"10.84.42.134"
"1495475491.000",492,0,492,"136.98.100.1",445,7,0,7,"10.84.42.134"
"1495475491.000",492,0,492,"136.98.149.1",445,7,0,7,"10.84.42.134"
"1495475400.000",486,276,210,"10.83.65.81",445,8,4,4,"10.84.42.134"
"1495475386.000",492,0,492,"136.98.149.1",445,7,0,7,"10.84.42.134"
"1495475386.000",492,0,492,"10.125.242.1",445,7,0,7,"10.84.42.134"
"1495475357.000",486,276,210,"10.83.65.81",445,8,4,4,"10.84.42.134"
"1495475355.000",1987,1141,846,"10.83.65.81",445,15,6,9,"10.84.42.134"
"1495475355.000",352,212,140,"10.83.65.81",445,6,3,3,"10.84.42.134"
"1495475352.000",492,0,492,"10.125.242.1",445,7,0,7,"10.84.42.134"
"1495475352.000",492,0,492,"136.98.149.1",445,7,0,7,"10.84.42.134"
"1495475352.000",492,0,492,"136.98.100.1",445,7,0,7,"10.84.42.134"
"1495474772.000",492,0,492,"136.98.100.1",445,7,0,7,"10.84.42.134"
"1495474772.000",492,0,492,"10.125.242.1",445,7,0,7,"10.84.42.134"
"1495474772.000",492,0,492,"136.98.149.1",445,7,0,7,"10.84.42.134"
"1495474726.000",492,0,492,"10.125.242.1",445,7,0,7,"10.84.42.134"
"1495474726.000",492,0,492,"136.98.100.1",445,7,0,7,"10.84.42.134"
"1495474726.000",8145,2701,5444,"10.11.168.10",445,30,12,18,"10.84.42.134"
"1495474726.000",492,0,492,"136.98.149.1",445,7,0,7,"10.84.42.134"
"1495474719.000",6852,2177,4675,"10.11.168.9",445,24,10,14,"10.84.42.134"
"1495474482.000",342,206,136,"10.11.168.9",445,6,3,3,"10.84.42.134"
"1495474371.000",7420,2347,5073,"10.11.168.10",445,26,11,15,"10.84.42.134"
"1495473385.000",7505,2347,5158,"10.11.168.10",445,26,11,15,"10.84.42.134"
"1495472527.000",35186,16769,18417,"10.11.168.9",445,121,57,64,"10.84.42.134"
"1495472515.000",6887,2149,4738,"10.11.168.10",445,23,9,14,"10.84.42.134"
"1495472506.000",282,142,140,"10.83.153.66",445,5,2,3,"10.83.84.205"
"1495472506.000",1976,1130,846,"10.83.153.66",445,15,6,9,"10.83.84.205"
"1495472487.000",282,142,140,"10.83.153.66",445,5,2,3,"10.84.42.134"
"1495472487.000",1976,1130,846,"10.83.153.66",445,15,6,9,"10.84.42.134"
"1495472485.000",7505,2347,5158,"10.11.168.10",445,26,11,15,"10.84.42.134"
"1495472471.000",17868,8684,9184,"10.11.168.180",445,90,45,45,"10.84.42.134"
"1495472057.000",1986,1140,846,"10.83.65.91",445,15,6,9,"10.84.42.134"
"1495472057.000",286,146,140,"10.83.65.91",445,5,2,3,"10.84.42.134"
"1495472052.000",286,146,140,"10.83.65.91",445,5,2,3,"10.84.42.134"
"1495472052.000",1986,1140,846,"10.83.65.91",445,15,6,9,"10.84.42.134"
"1495471585.000",7505,2347,5158,"10.11.168.10",445,26,11,15,"10.84.42.134"
"1495471346.000",64,0,64,"10.83.65.184",445,1,0,1,"10.84.42.134"
"1495471346.000",64,0,64,"10.83.65.184",445,1,0,1,"10.84.42.134"
"1495471119.000",6487,1823,4664,"10.11.168.9",445,23,9,14,"10.84.42.134"
"1495470802.000",352,212,140,"10.83.153.66",445,6,3,3,"10.84.42.134"
"1495470802.000",1976,1130,846,"10.83.153.66",445,15,6,9,"10.84.42.134"
"1495470456.000",82,0,82,"136.98.182.1",445,1,0,1,"10.84.42.134"
"1495470456.000",82,0,82,"136.98.181.1",445,1,0,1,"10.84.42.134"
"1495470455.000",82,0,82,"136.98.182.1",445,1,0,1,"10.84.42.134"
"1495470455.000",82,0,82,"136.98.181.1",445,1,0,1,"10.84.42.134"
"1495470454.000",82,0,82,"136.98.182.1",445,1,0,1,"10.84.42.134"
"1495470454.000",82,0,82,"136.98.181.1",445,1,0,1,"10.84.42.134"
"1495470448.000",82,0,82,"136.98.181.1",445,1,0,1,"10.84.42.134"
"1495470448.000",82,0,82,"136.98.182.1",445,1,0,1,"10.84.42.134"
"1495469585.000",286,146,140,"10.83.65.91",445,5,2,3,"10.84.42.134"
"1495469585.000",1986,1140,846,"10.83.65.91",445,15,6,9,"10.84.42.134"
"1495469516.000",6467,1823,4644,"10.11.168.10",445,23,9,14,"10.84.42.134"
"1495468936.000",356,216,140,"10.83.65.91",445,6,3,3,"10.84.42.134"
"1495468936.000",1986,1140,846,"10.83.65.91",445,15,6,9,"10.84.42.134"
"1495468935.000",2124,1208,916,"10.83.65.91",445,17,7,10,"10.84.42.134"
"1495468935.000",286,146,140,"10.83.65.91",445,5,2,3,"10.84.42.134"
"1495468884.000",7505,2347,5158,"10.11.168.10",445,26,11,15,"10.84.42.134"
"1495468869.000",356,216,140,"10.83.65.91",445,6,3,3,"10.84.42.134"
"1495468869.000",1986,1140,846,"10.83.65.91",445,15,6,9,"10.84.42.134"
"1495468866.000",1986,1140,846,"10.83.65.91",445,15,6,9,"10.84.42.134"
"1495468866.000",356,216,140,"10.83.65.91",445,6,3,3,"10.84.42.134"
"1495468866.000",2124,1208,916,"10.83.65.91",445,17,7,10,"10.84.42.134"
"1495468866.000",494,284,210,"10.83.65.91",445,8,4,4,"10.84.42.134"
"1495468833.000",2124,1208,916,"10.83.65.91",445,17,7,10,"10.84.42.134"
"1495468832.000",286,146,140,"10.83.65.91",445,5,2,3,"10.84.42.134"
"1495468567.000",2070,1154,916,"10.83.68.49",445,16,6,10,"10.84.42.134"
"1495468567.000",82,0,82,"136.98.182.1",445,1,0,1,"10.84.42.134"
"1495468567.000",82,0,82,"136.98.181.1",445,1,0,1,"10.84.42.134"
"1495468567.000",422,212,210,"10.83.68.49",445,7,3,4,"10.84.42.134"
"1495468558.000",82,0,82,"136.98.181.1",445,1,0,1,"10.84.42.134"
"1495468521.000",138,78,60,"10.83.65.91",445,3,1,2,"10.84.42.134"
"1495468519.000",82,0,82,"136.98.182.1",445,1,0,1,"10.84.42.134"
"1495468519.000",82,0,82,"136.98.181.1",445,1,0,1,"10.84.42.134"
"1495468508.000",356,216,140,"10.83.65.91",445,6,3,3,"10.84.42.134"
"1495468489.000",5209,2305,2904,"10.22.168.9",445,31,13,18,"10.84.42.134"
"1495468489.000",82,0,82,"136.98.182.1",445,1,0,1,"10.84.42.134"
"1495468489.000",82,0,82,"136.98.181.1",445,1,0,1,"10.84.42.134"
"1495468482.000",31123,13907,17216,"10.11.168.180",445,151,72,79,"10.84.42.134"
"1495468481.000",82,0,82,"136.98.181.1",445,1,0,1,"10.84.42.134"
"1495468481.000",82,0,82,"136.98.182.1",445,1,0,1,"10.84.42.134"
"1495468425.000",422,212,210,"10.83.68.49",445,7,3,4,"10.84.42.134"
"1495468425.000",2070,1154,916,"10.83.68.49",445,16,6,10,"10.84.42.134"
"1495468425.000",2070,1154,916,"10.83.68.49",445,16,6,10,"10.84.42.134"
"1495468425.000",422,212,210,"10.83.68.49",445,7,3,4,"10.84.42.134"
"1495468425.000",2070,1154,916,"10.83.68.49",445,16,6,10,"10.84.42.134"
"1495468425.000",282,142,140,"10.83.68.49",445,5,2,3,"10.84.42.134"
"1495467637.000",312,230,82,"10.83.29.108",445,4,3,1,"10.84.42.134"
"1495467259.000",312,230,82,"10.83.204.210",445,4,3,1,"10.84.42.134"
"1495467258.000",312,230,82,"10.83.29.108",445,4,3,1,"10.84.42.134"
"1495467257.000",2008,1162,846,"10.83.3.150",445,15,6,9,"10.84.42.134"
"1495467256.000",352,212,140,"10.83.3.150",445,6,3,3,"10.84.42.134"
"1495466856.000",282,142,140,"10.83.29.108",445,5,2,3,"10.84.42.134"
"1495466856.000",1987,1141,846,"10.83.29.108",445,15,6,9,"10.84.42.134"
"1495466856.000",352,212,140,"10.83.204.210",445,6,3,3,"10.84.42.134"
"1495466215.000",7501,2353,5148,"10.11.168.9",445,26,11,15,"10.84.42.134"
"1495482529.000",10000,4506,5494,"10.11.168.180",445,47,22,25,"10.84.42.134"
"1495482188.000",492,0,492,"10.125.242.1",445,7,0,7,"10.84.42.134"
"1495482183.000",492,0,492,"136.98.100.1",445,7,0,7,"10.84.42.134"
"1495482183.000",492,0,492,"136.98.149.1",445,7,0,7,"10.84.42.134"
"1495482183.000",492,0,492,"10.125.242.1",445,7,0,7,"10.84.42.134"
"1495481734.000",492,0,492,"10.125.242.1",445,7,0,7,"10.84.42.134"
"1495481734.000",492,0,492,"136.98.100.1",445,7,0,7,"10.84.42.134"
"1495481734.000",492,0,492,"136.98.149.1",445,7,0,7,"10.84.42.134"
"1495481651.000",492,0,492,"136.98.100.1",445,7,0,7,"10.84.42.134"
"1495481651.000",492,0,492,"10.125.242.1",445,7,0,7,"10.84.42.134"
"1495481651.000",492,0,492,"136.98.149.1",445,7,0,7,"10.84.42.134"
"1495481568.000",492,0,492,"136.98.100.1",445,7,0,7,"10.84.42.134"
"1495481568.000",10060,4506,5554,"10.11.168.180",445,48,22,26,"10.84.42.134"
"1495481568.000",492,0,492,"10.125.242.1",445,7,0,7,"10.84.42.134"
"1495481568.000",492,0,492,"136.98.149.1",445,7,0,7,"10.84.42.134"
"1495481563.000",492,0,492,"136.98.100.1",445,7,0,7,"10.84.42.134"
"1495481563.000",492,0,492,"136.98.149.1",445,7,0,7,"10.84.42.134"
"1495481563.000",492,0,492,"10.125.242.1",445,7,0,7,"10.84.42.134"
"1495481418.000",8044,2701,5343,"10.11.168.10",445,29,12,17,"10.84.42.134"
"1495480992.000",3754880,1097141,2657739,"10.188.60.18",445,10142,4852,5290,"10.84.42.134"
"1495480591.000",3690,1895,1795,"10.11.168.180",445,23,10,13,"10.84.42.134"
"1495480585.000",7505,2347,5158,"10.11.168.10",445,26,11,15,"10.84.42.134"
"1495480582.000",7683,2545,5138,"10.11.168.10",445,29,14,15,"10.84.42.134"
"1495480577.000",6467,1823,4644,"10.11.168.10",445,23,9,14,"10.84.42.134"
"1495480315.000",282,142,140,"10.83.68.49",445,5,2,3,"10.84.42.134"
"1495480315.000",2070,1154,916,"10.83.68.49",445,16,6,10,"10.84.42.134"
"1495480312.000",282,142,140,"10.83.68.49",445,5,2,3,"10.84.42.134"
"1495480312.000",2070,1154,916,"10.83.68.49",445,16,6,10,"10.84.42.134"
"1495480312.000",2070,1154,916,"10.83.68.49",445,16,6,10,"10.84.42.134"
"1495480311.000",422,212,210,"10.83.68.49",445,7,3,4,"10.84.42.134"
"1495479862.000",97845743,47425435,50420308,"10.11.168.10",445,431643,215653,215990,"10.84.42.134"
"1495478624.000",492,0,492,"136.98.100.1",445,7,0,7,"10.84.42.134"
"1495478624.000",492,0,492,"10.125.242.1",445,7,0,7,"10.84.42.134"
"1495478624.000",492,0,492,"136.98.149.1",445,7,0,7,"10.84.42.134"
"1495478621.000",492,0,492,"10.125.242.1",445,7,0,7,"10.84.42.134"
"1495478621.000",492,0,492,"136.98.100.1",445,7,0,7,"10.84.42.134"
"1495477930.000",492,0,492,"10.125.242.1",445,7,0,7,"10.83.84.205"
"1495477930.000",492,0,492,"136.98.100.1",445,7,0,7,"10.83.84.205"
"1495477930.000",492,0,492,"136.98.149.1",445,7,0,7,"10.83.84.205"
"1495477928.000",16448,7368,9080,"10.11.168.180",445,77,37,40,"10.84.42.134"
"1495477183.000",138,78,60,"10.83.65.123",445,3,1,2,"10.84.42.134"
"1495477181.000",138,78,60,"10.83.65.123",445,3,1,2,"10.84.42.134"
"1495477177.000",8719,3109,5610,"10.11.168.9",445,33,14,19,"10.84.42.134"
"1495476996.000",7420,2347,5073,"10.11.168.10",445,26,11,15,"10.84.42.134"
"1495476583.000",217467,113447,104020,"10.11.168.10",445,795,390,405,"10.84.42.134"
"1495476580.000",492,0,492,"10.125.242.1",445,7,0,7,"10.84.42.134"
"1495476580.000",492,0,492,"136.98.100.1",445,7,0,7,"10.84.42.134"
"1495476580.000",492,0,492,"136.98.149.1",445,7,0,7,"10.84.42.134"
"1495476579.000",492,0,492,"136.98.100.1",445,7,0,7,"10.84.42.134"
"1495476579.000",492,0,492,"136.98.149.1",445,7,0,7,"10.84.42.134"
"1495476578.000",492,0,492,"136.98.100.1",445,7,0,7,"10.84.42.134"
"1495476578.000",492,0,492,"10.125.242.1",445,7,0,7,"10.84.42.134"
"1495476578.000",492,0,492,"136.98.149.1",445,7,0,7,"10.84.42.134"
"1495476571.000",492,0,492,"10.125.242.1",445,7,0,7,"10.84.42.134"
"1495476571.000",492,0,492,"136.98.100.1",445,7,0,7,"10.84.42.134"
"1495476571.000",492,0,492,"136.98.149.1",445,7,0,7,"10.84.42.134"
"1495476525.000",7543,2405,5138,"10.11.168.9",445,27,12,15,"10.84.42.134"
"1495476519.000",6546,1881,4665,"10.11.168.9",445,24,10,14,"10.84.42.134"
"1495476518.000",492,0,492,"10.125.242.1",445,7,0,7,"10.84.42.134"
"1495476518.000",492,0,492,"136.98.100.1",445,7,0,7,"10.84.42.134"
"1495476518.000",492,0,492,"136.98.149.1",445,7,0,7,"10.84.42.134"
"1495476514.000",492,0,492,"136.98.100.1",445,7,0,7,"10.84.42.134"
"1495476514.000",492,0,492,"10.125.242.1",445,7,0,7,"10.84.42.134"
"1495476514.000",492,0,492,"10.125.242.1",445,7,0,7,"10.84.42.134"
"1495476514.000",492,0,492,"136.98.149.1",445,7,0,7,"10.84.42.134"
"1495476514.000",492,0,492,"136.98.149.1",445,7,0,7,"10.84.42.134"
"1495476514.000",492,0,492,"136.98.100.1",445,7,0,7,"10.84.42.134"
"1495476511.000",492,0,492,"10.125.242.1",445,7,0,7,"10.84.42.134"
"1495476511.000",492,0,492,"136.98.100.1",445,7,0,7,"10.84.42.134"
"1495476511.000",492,0,492,"136.98.149.1",445,7,0,7,"10.84.42.134"
"1495476511.000",492,0,492,"136.98.100.1",445,7,0,7,"10.84.42.134"
"1495476511.000",492,0,492,"136.98.149.1",445,7,0,7,"10.84.42.134"
"1495476511.000",492,0,492,"10.125.242.1",445,7,0,7,"10.84.42.134"
"1495476303.000",492,0,492,"136.98.149.1",445,7,0,7,"10.84.42.134"
"1495476303.000",492,0,492,"136.98.100.1",445,7,0,7,"10.84.42.134"
"1495476303.000",492,0,492,"10.125.242.1",445,7,0,7,"10.84.42.134"
"1495476178.000",492,0,492,"136.98.149.1",445,7,0,7,"10.84.42.134"
"1495476178.000",492,0,492,"136.98.100.1",445,7,0,7,"10.84.42.134"
"1495476178.000",492,0,492,"10.125.242.1",445,7,0,7,"10.84.42.134"
"1495476176.000",492,0,492,"136.98.100.1",445,7,0,7,"10.84.42.134"
"1495476176.000",492,0,492,"136.98.149.1",445,7,0,7,"10.84.42.134"
"1495476172.000",82,0,82,"10.160.245.129",445,1,0,1,"10.84.42.134"
"1495476169.000",82,0,82,"10.160.245.129",445,1,0,1,"10.84.42.134"
"1495476169.000",8182,2840,5342,"10.11.168.10",445,31,14,17,"10.84.42.134"
"1495475885.000",492,0,492,"136.98.149.1",445,7,0,7,"10.84.42.134"
"1495475885.000",492,0,492,"10.125.242.1",445,7,0,7,"10.84.42.134"
"1495475885.000",492,0,492,"136.98.100.1",445,7,0,7,"10.84.42.134"
"1495475839.000",492,0,492,"136.98.100.1",445,7,0,7,"10.84.42.134"
"1495475839.000",492,0,492,"10.125.242.1",445,7,0,7,"10.84.42.134"
"1495475839.000",492,0,492,"136.98.149.1",445,7,0,7,"10.84.42.134"
"1495475834.000",492,0,492,"136.98.100.1",445,7,0,7,"10.84.42.134"
"1495475834.000",492,0,492,"10.125.242.1",445,7,0,7,"10.84.42.134"
"1495475834.000",492,0,492,"136.98.149.1",445,7,0,7,"10.84.42.134"
"1495475833.000",6629,1880,4749,"10.11.168.9",445,24,10,14,"10.84.42.134"
"1495475446.000",7442,2346,5096,"10.11.168.10",445,26,11,15,"10.84.42.134"
"1495475215.000",7501,2353,5148,"10.11.168.9",445,26,11,15,"10.84.42.134"
"1495474933.000",6571,1822,4749,"10.11.168.9",445,23,9,14,"10.84.42.134"
"1495474075.000",6505,1881,4624,"10.11.168.9",445,24,10,14,"10.84.42.134"
"1495473474.000",2124,1208,916,"10.83.65.91",445,17,7,10,"10.84.42.134"
"1495473473.000",286,146,140,"10.83.65.91",445,5,2,3,"10.84.42.134"
"1495473471.000",7420,2347,5073,"10.11.168.10",445,26,11,15,"10.84.42.134"
"1495473175.000",6505,1881,4624,"10.11.168.10",445,24,10,14,"10.84.42.134"
"1495481682.000",7496,2404,5092,"10.11.168.9",445,27,12,15,"10.84.42.134"
"1495481667.000",6929,2235,4694,"10.11.168.10",445,26,11,15,"10.84.42.134"
"1495481159.000",492,0,492,"10.125.242.1",445,7,0,7,"10.84.42.134"
"1495481159.000",492,0,492,"136.98.149.1",445,7,0,7,"10.84.42.134"
"1495481159.000",492,0,492,"136.98.100.1",445,7,0,7,"10.84.42.134"
"1495481150.000",492,0,492,"10.125.242.1",445,7,0,7,"10.84.42.134"
"1495481150.000",492,0,492,"136.98.100.1",445,7,0,7,"10.84.42.134"
"1495481150.000",492,0,492,"136.98.149.1",445,7,0,7,"10.84.42.134"
"1495481106.000",492,0,492,"136.98.100.1",445,7,0,7,"10.84.42.134"
"1495481106.000",492,0,492,"10.125.242.1",445,7,0,7,"10.84.42.134"
"1495481106.000",492,0,492,"136.98.149.1",445,7,0,7,"10.84.42.134"
"1495480555.000",6533,1823,4710,"10.11.168.10",445,23,9,14,"10.84.42.134"
"1495480203.000",13362,5375,7987,"10.11.168.10",445,89,33,56,"10.84.42.134"
"1495479906.000",7260,3239,4021,"10.11.168.180",445,35,16,19,"10.84.42.134"
"1495478916.000",7500,2404,5096,"10.11.168.9",445,27,12,15,"10.84.42.134"
"1495478231.000",6467,1823,4644,"10.11.168.10",445,23,9,14,"10.84.42.134"
"1495478194.000",492,0,492,"10.125.242.1",445,7,0,7,"10.84.42.134"
"1495478194.000",492,0,492,"136.98.149.1",445,7,0,7,"10.84.42.134"
"1495478194.000",492,0,492,"136.98.100.1",445,7,0,7,"10.84.42.134"
"1495478016.000",7442,2346,5096,"10.11.168.9",445,26,11,15,"10.84.42.134"
"1495477803.000",18659,10035,8624,"10.11.168.10",445,95,37,58,"10.84.42.134"
"1495477697.000",492,0,492,"10.125.242.1",445,7,0,7,"10.84.42.134"
"1495477697.000",492,0,492,"136.98.149.1",445,7,0,7,"10.84.42.134"
"1495477607.000",492,0,492,"136.98.149.1",445,7,0,7,"10.84.42.134"
"1495477607.000",492,0,492,"10.125.242.1",445,7,0,7,"10.84.42.134"
"1495477607.000",492,0,492,"136.98.100.1",445,7,0,7,"10.84.42.134"
"1495477441.000",492,0,492,"136.98.149.1",445,7,0,7,"10.84.42.134"
"1495477441.000",492,0,492,"10.125.242.1",445,7,0,7,"10.84.42.134"
"1495477441.000",492,0,492,"136.98.100.1",445,7,0,7,"10.84.42.134"
"1495477435.000",492,0,492,"10.125.242.1",445,7,0,7,"10.84.42.134"
"1495477435.000",492,0,492,"136.98.149.1",445,7,0,7,"10.84.42.134"
"1495477218.000",492,0,492,"10.125.242.1",445,7,0,7,"10.84.42.134"
"1495477218.000",492,0,492,"136.98.149.1",445,7,0,7,"10.84.42.134"
"1495477218.000",492,0,492,"136.98.100.1",445,7,0,7,"10.84.42.134"
"1495477205.000",492,0,492,"10.125.242.1",445,7,0,7,"10.84.42.134"
"1495477205.000",492,0,492,"136.98.149.1",445,7,0,7,"10.84.42.134"
"1495477205.000",492,0,492,"136.98.100.1",445,7,0,7,"10.84.42.134"
"1495477073.000",492,0,492,"136.98.149.1",445,7,0,7,"10.84.42.134"
"1495477071.000",492,0,492,"10.125.242.1",445,7,0,7,"10.84.42.134"
"1495477071.000",492,0,492,"136.98.100.1",445,7,0,7,"10.84.42.134"
"1495477071.000",492,0,492,"136.98.149.1",445,7,0,7,"10.84.42.134"
"1495477070.000",7442,2346,5096,"10.11.168.9",445,26,11,15,"10.84.42.134"
"1495477036.000",492,0,492,"10.125.242.1",445,7,0,7,"10.84.42.134"
"1495477036.000",492,0,492,"136.98.100.1",445,7,0,7,"10.84.42.134"
"1495477036.000",492,0,492,"136.98.149.1",445,7,0,7,"10.84.42.134"
"1495476637.000",492,0,492,"10.125.242.1",445,7,0,7,"10.84.42.134"
"1495476637.000",492,0,492,"136.98.149.1",445,7,0,7,"10.84.42.134"
"1495476637.000",492,0,492,"136.98.100.1",445,7,0,7,"10.84.42.134"
"1495476629.000",492,0,492,"136.98.149.1",445,7,0,7,"10.84.42.134"
"1495476629.000",492,0,492,"136.98.100.1",445,7,0,7,"10.84.42.134"
"1495476628.000",492,0,492,"10.125.242.1",445,7,0,7,"10.84.42.134"
"1495476628.000",492,0,492,"136.98.149.1",445,7,0,7,"10.84.42.134"
"1495476628.000",492,0,492,"136.98.100.1",445,7,0,7,"10.84.42.134"
"1495476628.000",492,0,492,"10.125.242.1",445,7,0,7,"10.84.42.134"
"1495476628.000",492,0,492,"136.98.149.1",445,7,0,7,"10.84.42.134"
"1495476030.000",492,0,492,"136.98.100.1",445,7,0,7,"10.84.42.134"
"1495476030.000",492,0,492,"136.98.149.1",445,7,0,7,"10.84.42.134"
"1495476030.000",492,0,492,"10.125.242.1",445,7,0,7,"10.84.42.134"
"1495476030.000",492,0,492,"136.98.100.1",445,7,0,7,"10.84.42.134"
"1495476030.000",492,0,492,"136.98.149.1",445,7,0,7,"10.84.42.134"
"1495476030.000",492,0,492,"10.125.242.1",445,7,0,7,"10.84.42.134"
"1495476025.000",82,0,82,"10.160.245.129",445,1,0,1,"10.84.42.134"
"1495476023.000",82,0,82,"10.160.245.129",445,1,0,1,"10.84.42.134"
"1495476022.000",82,0,82,"10.160.245.129",445,1,0,1,"10.84.42.134"
"1495476022.000",82,0,82,"10.160.245.129",445,1,0,1,"10.84.42.134"
"1495476015.000",574,0,574,"10.125.242.1",445,8,0,8,"10.84.42.134"
"1495476015.000",492,0,492,"10.125.242.1",445,7,0,7,"10.84.42.134"
"1495476015.000",574,0,574,"136.98.149.1",445,8,0,8,"10.84.42.134"
"1495476015.000",492,0,492,"136.98.100.1",445,7,0,7,"10.84.42.134"
"1495476015.000",492,0,492,"136.98.149.1",445,7,0,7,"10.84.42.134"
"1495476015.000",574,0,574,"136.98.100.1",445,8,0,8,"10.84.42.134"
"1495475969.000",492,0,492,"136.98.100.1",445,7,0,7,"10.84.42.134"
"1495475969.000",492,0,492,"10.125.242.1",445,7,0,7,"10.84.42.134"
"1495475969.000",492,0,492,"136.98.149.1",445,7,0,7,"10.84.42.134"
"1495475968.000",492,0,492,"136.98.100.1",445,7,0,7,"10.84.42.134"
"1495475968.000",492,0,492,"10.125.242.1",445,7,0,7,"10.84.42.134"
"1495475958.000",574,0,574,"10.125.242.1",445,8,0,8,"10.84.42.134"
"1495475958.000",574,0,574,"136.98.100.1",445,8,0,8,"10.84.42.134"
"1495475958.000",574,0,574,"136.98.149.1",445,8,0,8,"10.84.42.134"
"1495475702.000",492,0,492,"136.98.100.1",445,7,0,7,"10.84.42.134"
"1495475702.000",492,0,492,"136.98.149.1",445,7,0,7,"10.84.42.134"
"1495475120.000",217054,113314,103740,"10.11.168.10",445,794,390,404,"10.84.42.134"
"1495474504.000",17362,8987,8375,"10.11.168.10",445,91,35,56,"10.84.42.134"
"1495474255.000",6591,1881,4710,"10.11.168.10",445,24,10,14,"10.84.42.134"
"1495473203.000",1986,1140,846,"10.83.65.91",445,15,6,9,"10.84.42.134"
"1495473203.000",286,146,140,"10.83.65.91",445,5,2,3,"10.84.42.134"
"1495473138.000",666,380,286,"10.11.168.180",445,6,2,4,"10.84.42.134"
"1495473137.000",666,380,286,"10.11.168.180",445,6,2,4,"10.84.42.134"
"1495473134.000",1193,690,503,"10.11.168.180",445,8,3,5,"10.84.42.134"
"1495473133.000",6571,1822,4749,"10.11.168.9",445,23,9,14,"10.84.42.134"
"1495473090.000",2070,1154,916,"10.83.68.49",445,16,6,10,"10.84.42.134"
"1495473090.000",422,212,210,"10.83.68.49",445,7,3,4,"10.84.42.134"
"1495473088.000",2070,1154,916,"10.83.68.49",445,16,6,10,"10.84.42.134"
"1495473087.000",2070,1154,916,"10.83.68.49",445,16,6,10,"10.84.42.134"
"1495473087.000",422,212,210,"10.83.68.49",445,7,3,4,"10.84.42.134"
"1495473087.000",422,212,210,"10.83.68.49",445,7,3,4,"10.84.42.134"
"1495473083.000",82,0,82,"186.214.252.94",445,2,0,2,"10.84.42.134"
"1495473083.000",82,0,82,"186.214.252.94",445,2,0,2,"10.84.42.134"
"1495473082.000",82,0,82,"136.98.181.1",445,2,0,2,"10.84.42.134"
"1495473082.000",82,0,82,"136.98.182.1",445,2,0,2,"10.84.42.134"
"1495473081.000",82,0,82,"136.98.182.1",445,2,0,2,"10.84.42.134"
"1495473081.000",82,0,82,"136.98.181.1",445,2,0,2,"10.84.42.134"
"1495473080.000",82,0,82,"186.214.252.94",445,2,0,2,"10.84.42.134"
"1495473079.000",82,0,82,"136.98.182.1",445,2,0,2,"10.84.42.134"
"1495473079.000",82,0,82,"186.214.252.94",445,2,0,2,"10.84.42.134"
"1495473079.000",82,0,82,"136.98.181.1",445,2,0,2,"10.84.42.134"
"1495473078.000",82,0,82,"136.98.181.1",445,2,0,2,"10.84.42.134"
"1495473078.000",82,0,82,"136.98.182.1",445,2,0,2,"10.84.42.134"
"1495473075.000",82,0,82,"186.214.252.94",445,2,0,2,"10.84.42.134"
"1495473074.000",82,0,82,"136.98.181.1",445,2,0,2,"10.84.42.134"
"1495473074.000",82,0,82,"136.98.182.1",445,2,0,2,"10.84.42.134"
"1495473031.000",168238,89364,78874,"10.11.168.9",445,623,305,318,"10.84.42.134"
"1495472387.000",1976,1130,846,"10.83.153.66",445,15,6,9,"10.83.84.244"
"1495472387.000",282,142,140,"10.83.153.66",445,5,2,3,"10.83.84.244"
"1495481448.000",492,0,492,"10.125.242.1",445,7,0,7,"10.84.42.134"
"1495481448.000",492,0,492,"136.98.149.1",445,7,0,7,"10.84.42.134"
"1495481448.000",492,0,492,"136.98.100.1",445,7,0,7,"10.84.42.134"
"1495481433.000",492,0,492,"136.98.149.1",445,7,0,7,"10.84.42.134"
"1495481433.000",492,0,492,"10.125.242.1",445,7,0,7,"10.84.42.134"
"1495481433.000",492,0,492,"136.98.100.1",445,7,0,7,"10.84.42.134"
"1495481426.000",492,0,492,"136.98.100.1",445,7,0,7,"10.84.42.134"
"1495481426.000",492,0,492,"136.98.149.1",445,7,0,7,"10.84.42.134"
"1495481426.000",492,0,492,"10.125.242.1",445,7,0,7,"10.84.42.134"
"1495481242.000",492,0,492,"136.98.100.1",445,7,0,7,"10.84.42.134"
"1495481242.000",492,0,492,"10.125.242.1",445,7,0,7,"10.84.42.134"
"1495481242.000",492,0,492,"136.98.149.1",445,7,0,7,"10.84.42.134"
"1495481233.000",6631,1881,4750,"10.11.168.9",445,24,10,14,"10.84.42.134"
"1495481231.000",492,0,492,"10.125.242.1",445,7,0,7,"10.84.42.134"
"1495481231.000",492,0,492,"136.98.100.1",445,7,0,7,"10.84.42.134"
"1495481231.000",492,0,492,"136.98.149.1",445,7,0,7,"10.84.42.134"
"1495481010.000",492,0,492,"136.98.149.1",445,7,0,7,"10.84.42.134"
"1495481010.000",492,0,492,"136.98.100.1",445,7,0,7,"10.84.42.134"
"1495480655.000",492,0,492,"10.125.242.1",445,7,0,7,"10.84.42.134"
"1495480655.000",492,0,492,"136.98.149.1",445,7,0,7,"10.84.42.134"
"1495480655.000",492,0,492,"136.98.100.1",445,7,0,7,"10.84.42.134"
"1495479959.000",7724586,3969394,3755192,"10.11.168.3",445,30797,15374,15423,"10.84.42.134"
"1495479882.000",7496,2404,5092,"10.11.168.9",445,27,12,15,"10.84.42.134"
"1495479039.000",7444,2347,5097,"10.11.168.10",445,26,11,15,"10.84.42.134"
"1495478982.000",7438,2346,5092,"10.11.168.9",445,26,11,15,"10.84.42.134"
"1495478962.000",26428,11777,14651,"10.11.168.180",445,126,62,64,"10.84.42.134"
"1495478755.000",6533,1823,4710,"10.11.168.10",445,23,9,14,"10.84.42.134"
"1495478135.000",7444,2347,5097,"10.11.168.10",445,26,11,15,"10.84.42.134"
"1495477568.000",8406,3054,5352,"10.11.168.9",445,30,13,17,"10.84.42.134"
"1495477468.000",492,0,492,"136.98.100.1",445,7,0,7,"10.84.42.134"
"1495477340.000",574,0,574,"10.125.242.1",445,8,0,8,"10.84.42.134"
"1495477340.000",574,0,574,"136.98.149.1",445,8,0,8,"10.84.42.134"
"1495477340.000",574,0,574,"136.98.100.1",445,8,0,8,"10.84.42.134"
"1495477338.000",492,0,492,"136.98.149.1",445,7,0,7,"10.84.42.134"
"1495477334.000",492,0,492,"136.98.149.1",445,7,0,7,"10.84.42.134"
"1495477334.000",492,0,492,"136.98.100.1",445,7,0,7,"10.84.42.134"
"1495477334.000",492,0,492,"10.125.242.1",445,7,0,7,"10.84.42.134"
"1495477331.000",6467,1823,4644,"10.11.168.10",445,23,9,14,"10.84.42.134"
"1495477166.000",23008,9458,13550,"10.11.168.180",445,98,48,50,"10.84.42.134"
"1495477034.000",492,0,492,"10.125.242.1",445,7,0,7,"10.84.42.134"
"1495477034.000",8091,2731,5360,"10.11.168.9",445,30,13,17,"10.84.42.134"
"1495477034.000",492,0,492,"136.98.149.1",445,7,0,7,"10.84.42.134"
"1495477034.000",492,0,492,"136.98.100.1",445,7,0,7,"10.84.42.134"
"1495477015.000",7501,2353,5148,"10.11.168.9",445,26,11,15,"10.84.42.134"
"1495476704.000",492,0,492,"10.125.242.1",445,7,0,7,"10.84.42.134"
"1495476704.000",492,0,492,"136.98.149.1",445,7,0,7,"10.84.42.134"
"1495476704.000",492,0,492,"136.98.100.1",445,7,0,7,"10.84.42.134"
"1495476467.000",492,0,492,"136.98.100.1",445,7,0,7,"10.84.42.134"
"1495476467.000",492,0,492,"136.98.149.1",445,7,0,7,"10.84.42.134"
"1495476467.000",492,0,492,"10.125.242.1",445,7,0,7,"10.84.42.134"
"1495476462.000",492,0,492,"136.98.100.1",445,7,0,7,"10.84.42.134"
"1495476462.000",492,0,492,"10.125.242.1",445,7,0,7,"10.84.42.134"
"1495476462.000",492,0,492,"136.98.149.1",445,7,0,7,"10.84.42.134"
"1495476395.000",141816,76853,64963,"10.11.168.9",445,529,259,270,"10.84.42.134"
"1495476369.000",492,0,492,"136.98.149.1",445,7,0,7,"10.84.42.134"
"1495476369.000",492,0,492,"10.125.242.1",445,7,0,7,"10.84.42.134"
"1495476369.000",492,0,492,"136.98.100.1",445,7,0,7,"10.84.42.134"
"1495476368.000",492,0,492,"136.98.100.1",445,7,0,7,"10.84.42.134"
"1495476368.000",492,0,492,"10.125.242.1",445,7,0,7,"10.84.42.134"
"1495476364.000",492,0,492,"136.98.149.1",445,7,0,7,"10.84.42.134"
"1495476340.000",17393,7665,9728,"10.11.168.180",445,82,39,43,"10.84.42.134"
"1495476338.000",492,0,492,"136.98.149.1",445,7,0,7,"10.84.42.134"
"1495476338.000",492,0,492,"10.125.242.1",445,7,0,7,"10.84.42.134"
"1495476338.000",492,0,492,"136.98.100.1",445,7,0,7,"10.84.42.134"
"1495476335.000",8042,2700,5342,"10.11.168.9",445,29,12,17,"10.84.42.134"
"1495476329.000",492,0,492,"10.125.242.1",445,7,0,7,"10.84.42.134"
"1495476238.000",492,0,492,"136.98.149.1",445,7,0,7,"10.84.42.134"
"1495476238.000",492,0,492,"136.98.100.1",445,7,0,7,"10.84.42.134"
"1495476238.000",492,0,492,"10.125.242.1",445,7,0,7,"10.84.42.134"
"1495476119.000",492,0,492,"10.125.242.1",445,7,0,7,"10.83.84.205"
"1495476119.000",492,0,492,"136.98.100.1",445,7,0,7,"10.83.84.205"
"1495476119.000",492,0,492,"136.98.149.1",445,7,0,7,"10.83.84.205"
"1495476114.000",492,0,492,"136.98.100.1",445,7,0,7,"10.84.42.134"
"1495476114.000",492,0,492,"10.125.242.1",445,7,0,7,"10.84.42.134"
"1495476114.000",492,0,492,"136.98.149.1",445,7,0,7,"10.84.42.134"
"1495476113.000",492,0,492,"10.125.242.1",445,7,0,7,"10.84.42.134"
"1495476113.000",492,0,492,"136.98.100.1",445,7,0,7,"10.84.42.134"
"1495476113.000",492,0,492,"136.98.149.1",445,7,0,7,"10.84.42.134"
"1495476112.000",82,0,82,"10.160.245.129",445,1,0,1,"10.83.84.205"
"1495476111.000",82,0,82,"10.160.245.129",445,1,0,1,"10.84.42.134"
"1495476110.000",82,0,82,"10.160.245.129",445,1,0,1,"10.84.42.134"
"1495475652.000",574,0,574,"136.98.100.1",445,8,0,8,"10.84.42.134"
"1495475652.000",574,0,574,"136.98.149.1",445,8,0,8,"10.84.42.134"
"1495475652.000",574,0,574,"10.125.242.1",445,8,0,8,"10.84.42.134"
"1495475472.000",492,0,492,"136.98.149.1",445,7,0,7,"10.84.42.134"
"1495475472.000",492,0,492,"136.98.100.1",445,7,0,7,"10.84.42.134"
"1495475288.000",492,0,492,"10.125.242.1",445,7,0,7,"10.84.42.134"
"1495475288.000",492,0,492,"136.98.100.1",445,7,0,7,"10.84.42.134"
"1495475154.000",492,0,492,"136.98.149.1",445,7,0,7,"10.84.42.134"
"1495474884.000",82,0,82,"136.98.181.1",445,2,0,2,"10.84.42.134"
"1495474884.000",82,0,82,"136.98.182.1",445,2,0,2,"10.84.42.134"
"1495474880.000",82,0,82,"186.214.252.94",445,1,0,1,"10.84.42.134"
"1495474880.000",82,0,82,"136.98.181.1",445,2,0,2,"10.84.42.134"
"1495474880.000",82,0,82,"136.98.182.1",445,2,0,2,"10.84.42.134"
"1495474705.000",7442,2346,5096,"10.11.168.10",445,26,11,15,"10.84.42.134"
"1495474678.000",492,0,492,"10.125.242.1",445,7,0,7,"10.84.42.134"
"1495474678.000",492,0,492,"136.98.149.1",445,7,0,7,"10.84.42.134"
"1495474678.000",492,0,492,"136.98.100.1",445,7,0,7,"10.84.42.134"
"1495474633.000",492,0,492,"10.125.242.1",445,7,0,7,"10.84.42.134"
"1495474633.000",492,0,492,"136.98.149.1",445,7,0,7,"10.84.42.134"
"1495474633.000",492,0,492,"136.98.100.1",445,7,0,7,"10.84.42.134"
"1495474633.000",930164,507305,422859,"10.11.168.9",445,3485,1756,1729,"10.84.42.134"
"1495474631.000",6407,1823,4584,"10.11.168.10",445,22,9,13,"10.84.42.134"
"1495474547.000",492,0,492,"10.125.242.1",445,7,0,7,"10.84.42.134"
"1495474547.000",492,0,492,"136.98.100.1",445,7,0,7,"10.84.42.134"
"1495474515.000",492,0,492,"10.125.242.1",445,7,0,7,"10.84.42.134"
"1495474515.000",492,0,492,"136.98.149.1",445,7,0,7,"10.84.42.134"
"1495474515.000",492,0,492,"136.98.100.1",445,7,0,7,"10.84.42.134"
"1495474514.000",4491,2035,2456,"10.249.21.9",445,23,10,13,"10.84.42.134"
"1495473873.000",4555,2035,2520,"10.249.21.9",445,23,10,13,"10.84.42.134"
"1495472571.000",7420,2347,5073,"10.11.168.10",445,26,11,15,"10.84.42.134"
"1495472456.000",7217,2247,4970,"10.11.168.10",445,28,11,17,"10.84.42.134"
"1495472066.000",286,146,140,"10.83.65.91",445,5,2,3,"10.84.42.134"
"1495471566.000",1986,1140,846,"10.83.65.91",445,15,6,9,"10.84.42.134"
"1495471323.000",62,0,62,"10.83.65.184",445,1,0,1,"10.84.42.134"
"1495471323.000",356,216,140,"10.83.65.91",445,6,3,3,"10.84.42.134"
"1495471323.000",64,0,64,"10.83.65.184",445,1,0,1,"10.84.42.134"
"1495471322.000",64,0,64,"10.83.65.184",445,1,0,1,"10.84.42.134"
"1495471322.000",62,0,62,"10.83.65.184",445,1,0,1,"10.84.42.134"
"1495471296.000",64,0,64,"10.83.65.184",445,1,0,1,"10.84.42.134"
"1495471294.000",64,0,64,"10.83.65.184",445,1,0,1,"10.84.42.134"
"1495471255.000",7420,2347,5073,"10.11.168.9",445,26,11,15,"10.84.42.134"
"1495471255.000",37191,16623,20568,"10.11.168.180",445,178,86,92,"10.84.42.134"
"1495470667.000",422,212,210,"10.83.68.49",445,7,3,4,"10.84.42.134"
"1495470667.000",2070,1154,916,"10.83.14.42",445,16,6,10,"10.84.42.134"
"1495470667.000",422,212,210,"10.83.14.42",445,7,3,4,"10.84.42.134"
"1495470667.000",2070,1154,916,"10.83.68.49",445,16,6,10,"10.84.42.134"
"1495470666.000",82,0,82,"136.98.181.1",445,1,0,1,"10.84.42.134"
"1495470666.000",82,0,82,"136.98.182.1",445,1,0,1,"10.84.42.134"
"1495470663.000",82,0,82,"136.98.181.1",445,1,0,1,"10.84.42.134"
"1495470663.000",82,0,82,"136.98.182.1",445,1,0,1,"10.84.42.134"
"1495470663.000",82,0,82,"136.98.182.1",445,1,0,1,"10.84.42.134"
"1495470663.000",82,0,82,"136.98.181.1",445,1,0,1,"10.84.42.134"
"1495470663.000",82,0,82,"136.98.182.1",445,1,0,1,"10.84.42.134"
"1495470663.000",82,0,82,"136.98.181.1",445,1,0,1,"10.84.42.134"
"1495470659.000",286,146,140,"10.83.65.91",445,5,2,3,"10.84.42.134"
"1495470658.000",82,0,82,"136.98.182.1",445,1,0,1,"10.84.42.134"
"1495470658.000",2171,1212,959,"10.83.153.66",445,17,7,10,"10.84.42.134"
"1495470658.000",82,0,82,"136.98.181.1",445,1,0,1,"10.84.42.134"
"1495470654.000",282,142,140,"10.83.153.66",445,5,2,3,"10.84.42.134"
"1495470429.000",2070,1154,916,"10.83.14.42",445,16,6,10,"10.84.42.134"
"1495470429.000",282,142,140,"10.83.14.42",445,5,2,3,"10.84.42.134"
"1495470429.000",2070,1154,916,"10.83.68.49",445,16,6,10,"10.84.42.134"
"1495470429.000",422,212,210,"10.83.68.49",445,7,3,4,"10.84.42.134"
"1495470427.000",422,212,210,"10.83.68.49",445,7,3,4,"10.84.42.134"
"1495470427.000",2070,1154,916,"10.83.68.49",445,16,6,10,"10.84.42.134"
"1495470426.000",2183,1154,1029,"10.83.14.42",445,17,6,11,"10.84.42.134"
"1495470426.000",282,142,140,"10.83.68.49",445,5,2,3,"10.84.42.134"
"1495470426.000",2070,1154,916,"10.83.68.49",445,16,6,10,"10.84.42.134"
"1495470425.000",2070,1154,916,"10.83.14.42",445,16,6,10,"10.84.42.134"
"1495470425.000",2070,1154,916,"10.83.68.49",445,16,6,10,"10.84.42.134"
"1495470425.000",2070,1154,916,"10.83.14.42",445,16,6,10,"10.84.42.134"
"1495470425.000",422,212,210,"10.83.14.42",445,7,3,4,"10.84.42.134"
"1495470425.000",282,142,140,"10.83.14.42",445,5,2,3,"10.84.42.134"
"1495470425.000",282,142,140,"10.83.68.49",445,5,2,3,"10.84.42.134"
"1495470425.000",282,142,140,"10.83.14.42",445,5,2,3,"10.84.42.134"
"1495470421.000",82,0,82,"136.98.181.1",445,1,0,1,"10.84.42.134"
"1495470421.000",82,0,82,"136.98.182.1",445,1,0,1,"10.84.42.134"
"1495470420.000",2070,1154,916,"10.83.14.42",445,16,6,10,"10.84.42.134"
"1495470420.000",422,212,210,"10.83.68.49",445,7,3,4,"10.84.42.134"
"1495470420.000",282,142,140,"10.83.14.42",445,5,2,3,"10.84.42.134"
"1495470420.000",2070,1154,916,"10.83.68.49",445,16,6,10,"10.84.42.134"
"1495470417.000",82,0,82,"136.98.182.1",445,1,0,1,"10.84.42.134"
"1495470417.000",82,0,82,"136.98.181.1",445,1,0,1,"10.84.42.134"
"1495470416.000",82,0,82,"136.98.181.1",445,1,0,1,"10.84.42.134"
"1495470416.000",82,0,82,"136.98.182.1",445,1,0,1,"10.84.42.134"
"1495470415.000",82,0,82,"136.98.182.1",445,1,0,1,"10.84.42.134"
"1495470415.000",82,0,82,"136.98.181.1",445,1,0,1,"10.84.42.134"
"1495470411.000",82,0,82,"136.98.181.1",445,1,0,1,"10.84.42.134"
"1495470245.000",2070,1154,916,"10.83.68.49",445,16,6,10,"10.84.42.134"
"1495470245.000",422,212,210,"10.83.68.49",445,7,3,4,"10.84.42.134"
"1495470244.000",422,212,210,"10.83.14.42",445,7,3,4,"10.84.42.134"
"1495470244.000",2070,1154,916,"10.83.14.42",445,16,6,10,"10.84.42.134"
"1495470243.000",2070,1154,916,"10.83.68.49",445,16,6,10,"10.84.42.134"
"1495470243.000",2070,1154,916,"10.83.14.42",445,16,6,10,"10.84.42.134"
"1495470243.000",282,142,140,"10.83.14.42",445,5,2,3,"10.84.42.134"
"1495470243.000",2070,1154,916,"10.83.14.42",445,16,6,10,"10.84.42.134"
"1495470243.000",2070,1154,916,"10.83.14.42",445,16,6,10,"10.84.42.134"
"1495470243.000",2070,1154,916,"10.83.68.49",445,16,6,10,"10.84.42.134"
"1495470243.000",422,212,210,"10.83.14.42",445,7,3,4,"10.84.42.134"
"1495470243.000",422,212,210,"10.83.68.49",445,7,3,4,"10.84.42.134"
"1495470243.000",2070,1154,916,"10.83.68.49",445,16,6,10,"10.84.42.134"
"1495470243.000",422,212,210,"10.83.68.49",445,7,3,4,"10.84.42.134"
"1495470242.000",2070,1154,916,"10.83.68.49",445,16,6,10,"10.84.42.134"
"1495470242.000",422,212,210,"10.83.68.49",445,7,3,4,"10.84.42.134"
"1495470242.000",2070,1154,916,"10.83.14.42",445,16,6,10,"10.84.42.134"
"1495470242.000",282,142,140,"10.83.14.42",445,5,2,3,"10.84.42.134"
"1495470241.000",282,142,140,"10.83.68.49",445,5,2,3,"10.84.42.134"
"1495470241.000",422,212,210,"10.83.14.42",445,7,3,4,"10.84.42.134"
"1495469943.000",286,146,140,"10.83.65.91",445,5,2,3,"10.84.42.134"
"1495469885.000",2070,1154,916,"10.83.68.49",445,16,6,10,"10.84.42.134"
"1495469885.000",422,212,210,"10.83.68.49",445,7,3,4,"10.84.42.134"
"1495469883.000",2070,1154,916,"10.83.14.42",445,16,6,10,"10.84.42.134"
"1495469881.000",422,212,210,"10.83.14.42",445,7,3,4,"10.84.42.134"
"1495469373.000",138,78,60,"10.83.65.91",445,3,1,2,"10.84.42.134"
"1495469365.000",4640020,1185203,3454817,"10.11.168.10",445,12477,5725,6752,"10.84.42.134"
"1495469362.000",286,146,140,"10.83.65.91",445,5,2,3,"10.84.42.134"
"1495469362.000",1986,1140,846,"10.83.65.91",445,15,6,9,"10.84.42.134"
"1495469360.000",1986,1140,846,"10.83.65.91",445,15,6,9,"10.84.42.134"
"1495469360.000",286,146,140,"10.83.65.91",445,5,2,3,"10.84.42.134"
"1495469087.000",162188,86160,76028,"10.11.168.9",445,604,294,310,"10.84.42.134"
"1495469085.000",2124,1208,916,"10.83.65.91",445,17,7,10,"10.84.42.134"
"1495469084.000",356,216,140,"10.83.65.91",445,6,3,3,"10.84.42.134"
"1495469084.000",1986,1140,846,"10.83.65.91",445,15,6,9,"10.84.42.134"
"1495469084.000",286,146,140,"10.83.65.91",445,5,2,3,"10.84.42.134"
"1495469072.000",356,216,140,"10.83.65.91",445,6,3,3,"10.84.42.134"
"1495469072.000",1986,1140,846,"10.83.65.91",445,15,6,9,"10.84.42.134"
"1495469072.000",1986,1140,846,"10.83.65.91",445,15,6,9,"10.84.42.134"
"1495469072.000",286,146,140,"10.83.65.91",445,5,2,3,"10.84.42.134"
"1495469065.000",356,216,140,"10.83.65.91",445,6,3,3,"10.84.42.134"
"1495469065.000",1986,1140,846,"10.83.65.91",445,15,6,9,"10.84.42.134"
"1495468321.000",2070,1154,916,"10.83.68.49",445,16,6,10,"10.84.42.134"
"1495468321.000",422,212,210,"10.83.68.49",445,7,3,4,"10.84.42.134"
"1495468321.000",422,212,210,"10.83.68.49",445,7,3,4,"10.84.42.134"
"1495468320.000",2070,1154,916,"10.83.68.49",445,16,6,10,"10.84.42.134"
"1495468320.000",2070,1154,916,"10.83.68.49",445,16,6,10,"10.84.42.134"
"1495468320.000",422,212,210,"10.83.68.49",445,7,3,4,"10.84.42.134"
"1495468318.000",2070,1154,916,"10.83.68.49",445,16,6,10,"10.84.42.134"
"1495468318.000",422,212,210,"10.83.68.49",445,7,3,4,"10.84.42.134"
"1495467593.000",2070,1154,916,"10.83.68.49",445,16,6,10,"10.84.42.134"
"1495467593.000",422,212,210,"10.83.68.49",445,7,3,4,"10.84.42.134"
"1495467592.000",2070,1154,916,"10.83.68.49",445,16,6,10,"10.84.42.134"
"1495467592.000",422,212,210,"10.83.68.49",445,7,3,4,"10.84.42.134"
"1495467592.000",422,212,210,"10.83.68.49",445,7,3,4,"10.84.42.134"
"1495467592.000",2070,1154,916,"10.83.68.49",445,16,6,10,"10.84.42.134"
"1495467592.000",2070,1154,916,"10.83.68.49",445,16,6,10,"10.84.42.134"
"1495467591.000",2070,1154,916,"10.83.68.49",445,16,6,10,"10.84.42.134"
"1495467591.000",422,212,210,"10.83.68.49",445,7,3,4,"10.84.42.134"
"1495467590.000",422,212,210,"10.83.68.49",445,7,3,4,"10.84.42.134"
"1495467577.000",282,142,140,"10.83.29.108",445,5,2,3,"10.84.42.134"
"1495467577.000",1987,1141,846,"10.83.29.108",445,15,6,9,"10.84.42.134"
"1495467365.000",282,142,140,"10.83.3.150",445,5,2,3,"10.84.42.134"
"1495467365.000",2008,1162,846,"10.83.3.150",445,15,6,9,"10.84.42.134"
"1495467365.000",282,142,140,"10.83.29.108",445,5,2,3,"10.84.42.134"
"1495467084.000",7505,2347,5158,"10.11.168.10",445,26,11,15,"10.84.42.134"
"1495466871.000",282,142,140,"10.83.204.210",445,5,2,3,"10.84.42.134"
"1495466871.000",282,142,140,"10.83.29.108",445,5,2,3,"10.84.42.134"
"1495466871.000",1987,1141,846,"10.83.29.108",445,15,6,9,"10.84.42.134"
"1495466221.000",282,142,140,"10.83.68.49",445,5,2,3,"10.84.42.134"
"1495466221.000",2070,1154,916,"10.83.68.49",445,16,6,10,"10.84.42.134"
"1495466220.000",2070,1154,916,"10.83.68.49",445,16,6,10,"10.84.42.134"
"1495466220.000",422,212,210,"10.83.68.49",445,7,3,4,"10.84.42.134"
"1495464832.000",2070,1154,916,"10.83.68.49",445,16,6,10,"10.84.42.134"
"1495464832.000",282,142,140,"10.83.68.49",445,5,2,3,"10.84.42.134"
"1495464415.000",7501,2353,5148,"10.11.168.9",445,26,11,15,"10.84.42.134"
"1495464413.000",2070,1154,916,"10.83.68.49",445,16,6,10,"10.84.42.134"
"1495464413.000",282,142,140,"10.83.68.49",445,5,2,3,"10.84.42.134"
"1495464412.000",422,212,210,"10.83.68.49",445,7,3,4,"10.84.42.134"
"1495464412.000",2070,1154,916,"10.83.68.49",445,16,6,10,"10.84.42.134"
"1495460023.000",22348,8254,14094,"10.11.168.9",445,66,27,39,"10.84.42.134"
"1495459014.000",7501,2353,5148,"10.11.168.9",445,26,11,15,"10.84.42.134"
"1495452714.000",7565,2353,5212,"10.11.168.9",445,27,11,16,"10.84.42.134"
"1495451739.000",62,0,62,"10.214.168.199",445,1,0,1,"10.84.42.231"
"1495451735.000",132,0,132,"10.204.90.28",445,2,0,2,"10.84.42.231"
"1495451735.000",132,0,132,"10.204.90.25",445,2,0,2,"10.84.42.231"
"1495451734.000",132,0,132,"10.112.168.30",445,2,0,2,"10.84.42.231"
"1495451734.000",132,0,132,"10.204.90.36",445,2,0,2,"10.84.42.231"
"1495451734.000",132,0,132,"10.214.168.199",445,2,0,2,"10.84.42.231"
"1495448214.000",7501,2353,5148,"10.11.168.9",445,26,11,15,"10.84.42.134"
"1495445513.000",7501,2353,5148,"10.11.168.9",445,26,11,15,"10.84.42.134"
"1495429862.000",97089,38702,58387,"10.11.168.9",445,367,179,188,"10.84.42.134"
"1495481290.000",492,0,492,"136.98.149.1",445,7,0,7,"10.84.42.134"
"1495481290.000",492,0,492,"10.125.242.1",445,7,0,7,"10.84.42.134"
"1495481290.000",492,0,492,"136.98.100.1",445,7,0,7,"10.84.42.134"
"1495481289.000",492,0,492,"10.125.242.1",445,7,0,7,"10.84.42.134"
"1495481289.000",492,0,492,"136.98.149.1",445,7,0,7,"10.84.42.134"
"1495481289.000",492,0,492,"136.98.100.1",445,7,0,7,"10.84.42.134"
"1495480948.000",492,0,492,"136.98.149.1",445,7,0,7,"10.84.42.134"
"1495480948.000",492,0,492,"136.98.100.1",445,7,0,7,"10.84.42.134"
"1495480948.000",492,0,492,"10.125.242.1",445,7,0,7,"10.84.42.134"
"1495480309.000",422,212,210,"10.83.68.49",445,7,3,4,"10.84.42.134"
"1495480309.000",2070,1154,916,"10.83.68.49",445,16,6,10,"10.84.42.134"
"1495480309.000",2070,1154,916,"10.83.68.49",445,16,6,10,"10.84.42.134"
"1495480309.000",422,212,210,"10.83.68.49",445,7,3,4,"10.84.42.134"
"1495480309.000",82,0,82,"186.214.252.94",445,2,0,2,"10.84.42.134"
"1495480308.000",82,0,82,"186.214.252.94",445,2,0,2,"10.84.42.134"
"1495480307.000",82,0,82,"136.98.181.1",445,2,0,2,"10.84.42.134"
"1495480307.000",82,0,82,"136.98.181.1",445,2,0,2,"10.84.42.134"
"1495480307.000",82,0,82,"136.98.182.1",445,2,0,2,"10.84.42.134"
"1495480307.000",82,0,82,"10.157.36.22",445,2,0,2,"10.84.42.134"
"1495480307.000",82,0,82,"136.98.182.1",445,2,0,2,"10.84.42.134"
"1495480307.000",82,0,82,"10.157.36.22",445,2,0,2,"10.84.42.134"
"1495480306.000",82,0,82,"186.214.252.94",445,2,0,2,"10.84.42.134"
"1495480304.000",82,0,82,"136.98.182.1",445,2,0,2,"10.84.42.134"
"1495480304.000",82,0,82,"10.157.36.22",445,2,0,2,"10.84.42.134"
"1495480304.000",82,0,82,"136.98.181.1",445,2,0,2,"10.84.42.134"
"1495480302.000",82,0,82,"186.214.252.94",445,2,0,2,"10.84.42.134"
"1495480302.000",82,0,82,"186.214.252.94",445,2,0,2,"10.84.42.134"
"1495480301.000",82,0,82,"136.98.181.1",445,2,0,2,"10.84.42.134"
"1495480301.000",82,0,82,"136.98.181.1",445,2,0,2,"10.84.42.134"
"1495480301.000",82,0,82,"136.98.182.1",445,2,0,2,"10.84.42.134"
"1495480301.000",82,0,82,"10.157.36.22",445,2,0,2,"10.84.42.134"
"1495480301.000",82,0,82,"10.157.36.22",445,2,0,2,"10.84.42.134"
"1495480301.000",82,0,82,"136.98.182.1",445,2,0,2,"10.84.42.134"
"1495480296.000",82,0,82,"10.84.90.244",445,2,0,2,"10.84.42.134"
"1495480065.000",7512,2735,4777,"10.11.168.10",445,32,20,12,"10.84.42.134"
"1495477855.000",6533,1823,4710,"10.11.168.10",445,23,9,14,"10.84.42.134"
"1495477850.000",97852065,47430686,50421379,"10.11.168.10",445,431691,215707,215984,"10.84.42.134"
"1495477526.000",492,0,492,"136.98.100.1",445,7,0,7,"10.84.42.134"
"1495477526.000",492,0,492,"10.125.242.1",445,7,0,7,"10.84.42.134"
"1495477524.000",492,0,492,"10.125.242.1",445,7,0,7,"10.84.42.134"
"1495477524.000",492,0,492,"136.98.100.1",445,7,0,7,"10.84.42.134"
"1495477524.000",492,0,492,"136.98.149.1",445,7,0,7,"10.84.42.134"
"1495477520.000",19971,9060,10911,"10.11.168.180",445,90,43,47,"10.84.42.134"
"1495477174.000",492,0,492,"136.98.149.1",445,7,0,7,"10.84.42.134"
"1495477174.000",492,0,492,"10.125.242.1",445,7,0,7,"10.84.42.134"
"1495477174.000",492,0,492,"136.98.100.1",445,7,0,7,"10.84.42.134"
"1495477172.000",492,0,492,"136.98.100.1",445,7,0,7,"10.84.42.134"
"1495477172.000",492,0,492,"10.125.242.1",445,7,0,7,"10.84.42.134"
"1495477172.000",492,0,492,"136.98.149.1",445,7,0,7,"10.84.42.134"
"1495477123.000",492,0,492,"136.98.149.1",445,7,0,7,"10.84.42.134"
"1495477123.000",492,0,492,"136.98.100.1",445,7,0,7,"10.84.42.134"
"1495477123.000",492,0,492,"10.125.242.1",445,7,0,7,"10.84.42.134"
"1495477121.000",492,0,492,"136.98.149.1",445,7,0,7,"10.84.42.134"
"1495477121.000",492,0,492,"10.125.242.1",445,7,0,7,"10.84.42.134"
"1495477121.000",492,0,492,"136.98.100.1",445,7,0,7,"10.84.42.134"
"1495477111.000",492,0,492,"136.98.100.1",445,7,0,7,"10.84.42.134"
"1495477111.000",492,0,492,"10.125.242.1",445,7,0,7,"10.84.42.134"
"1495477111.000",492,0,492,"136.98.149.1",445,7,0,7,"10.84.42.134"
"1495476992.000",492,0,492,"136.98.100.1",445,7,0,7,"10.84.42.134"
"1495476992.000",492,0,492,"136.98.149.1",445,7,0,7,"10.84.42.134"
"1495476992.000",492,0,492,"10.125.242.1",445,7,0,7,"10.84.42.134"
"1495476989.000",492,0,492,"136.98.149.1",445,7,0,7,"10.84.42.134"
"1495476989.000",492,0,492,"10.125.242.1",445,7,0,7,"10.84.42.134"
"1495476989.000",492,0,492,"136.98.100.1",445,7,0,7,"10.84.42.134"
"1495476985.000",7505,2347,5158,"10.11.168.10",445,26,11,15,"10.84.42.134"
"1495476985.000",17217,7561,9656,"10.11.168.180",445,84,39,45,"10.84.42.134"
"1495476976.000",492,0,492,"136.98.100.1",445,7,0,7,"10.84.42.134"
"1495476976.000",492,0,492,"136.98.149.1",445,7,0,7,"10.84.42.134"
"1495476976.000",492,0,492,"10.125.242.1",445,7,0,7,"10.84.42.134"
"1495476975.000",492,0,492,"136.98.149.1",445,7,0,7,"10.84.42.134"
"1495476975.000",492,0,492,"10.125.242.1",445,7,0,7,"10.84.42.134"
"1495476975.000",492,0,492,"136.98.100.1",445,7,0,7,"10.84.42.134"
"1495476890.000",492,0,492,"10.125.242.1",445,7,0,7,"10.84.42.134"
"1495476890.000",492,0,492,"136.98.100.1",445,7,0,7,"10.84.42.134"
"1495476890.000",492,0,492,"136.98.149.1",445,7,0,7,"10.84.42.134"
"1495476882.000",492,0,492,"10.125.242.1",445,7,0,7,"10.84.42.134"
"1495476882.000",492,0,492,"136.98.149.1",445,7,0,7,"10.84.42.134"
"1495476882.000",492,0,492,"136.98.100.1",445,7,0,7,"10.84.42.134"
"1495476882.000",492,0,492,"136.98.149.1",445,7,0,7,"10.84.42.134"
"1495476882.000",492,0,492,"136.98.149.1",445,7,0,7,"10.84.42.134"
"1495476882.000",492,0,492,"10.125.242.1",445,7,0,7,"10.84.42.134"
"1495476882.000",492,0,492,"136.98.100.1",445,7,0,7,"10.84.42.134"
"1495476882.000",492,0,492,"136.98.100.1",445,7,0,7,"10.84.42.134"
"1495476882.000",492,0,492,"10.125.242.1",445,7,0,7,"10.84.42.134"
"1495476880.000",492,0,492,"10.125.242.1",445,7,0,7,"10.84.42.134"
"1495476880.000",492,0,492,"136.98.149.1",445,7,0,7,"10.84.42.134"
"1495476880.000",492,0,492,"136.98.100.1",445,7,0,7,"10.84.42.134"
"1495476874.000",492,0,492,"136.98.100.1",445,7,0,7,"10.84.42.134"
"1495476874.000",492,0,492,"10.125.242.1",445,7,0,7,"10.84.42.134"
"1495476874.000",492,0,492,"136.98.149.1",445,7,0,7,"10.84.42.134"
"1495476860.000",6525,1881,4644,"10.11.168.10",445,24,10,14,"10.84.42.134"
"1495476859.000",23801,10481,13320,"10.11.168.180",445,116,55,61,"10.84.42.134"
"1495476837.000",492,0,492,"136.98.100.1",445,7,0,7,"10.84.42.134"
"1495476837.000",492,0,492,"10.125.242.1",445,7,0,7,"10.84.42.134"
"1495476837.000",492,0,492,"136.98.100.1",445,7,0,7,"10.84.42.134"
"1495476837.000",492,0,492,"136.98.149.1",445,7,0,7,"10.84.42.134"
"1495476837.000",492,0,492,"10.125.242.1",445,7,0,7,"10.84.42.134"
"1495476837.000",492,0,492,"136.98.149.1",445,7,0,7,"10.84.42.134"
"1495476830.000",492,0,492,"10.125.242.1",445,7,0,7,"10.84.42.134"
"1495476830.000",492,0,492,"136.98.149.1",445,7,0,7,"10.84.42.134"
"1495476830.000",492,0,492,"136.98.100.1",445,7,0,7,"10.84.42.134"
"1495476829.000",492,0,492,"10.125.242.1",445,7,0,7,"10.84.42.134"
"1495476829.000",492,0,492,"136.98.100.1",445,7,0,7,"10.84.42.134"
"1495476829.000",492,0,492,"136.98.149.1",445,7,0,7,"10.84.42.134"
"1495476775.000",492,0,492,"136.98.100.1",445,7,0,7,"10.84.42.134"
"1495476775.000",492,0,492,"10.125.242.1",445,7,0,7,"10.84.42.134"
"1495476775.000",492,0,492,"136.98.149.1",445,7,0,7,"10.84.42.134"
"1495476775.000",6447,1823,4624,"10.11.168.9",445,23,9,14,"10.84.42.134"
"1495476771.000",492,0,492,"136.98.100.1",445,7,0,7,"10.84.42.134"
"1495476771.000",492,0,492,"136.98.149.1",445,7,0,7,"10.84.42.134"
"1495476771.000",492,0,492,"10.125.242.1",445,7,0,7,"10.84.42.134"
"1495476769.000",492,0,492,"136.98.149.1",445,7,0,7,"10.84.42.134"
"1495476769.000",492,0,492,"136.98.100.1",445,7,0,7,"10.84.42.134"
"1495476769.000",492,0,492,"10.125.242.1",445,7,0,7,"10.84.42.134"
"1495476769.000",492,0,492,"136.98.100.1",445,7,0,7,"10.84.42.134"
"1495476769.000",492,0,492,"10.125.242.1",445,7,0,7,"10.84.42.134"
"1495476769.000",492,0,492,"136.98.149.1",445,7,0,7,"10.84.42.134"
"1495476767.000",492,0,492,"136.98.100.1",445,7,0,7,"10.84.42.134"
"1495476767.000",492,0,492,"136.98.149.1",445,7,0,7,"10.84.42.134"
"1495476767.000",492,0,492,"10.125.242.1",445,7,0,7,"10.84.42.134"
"1495476702.000",2070,1154,916,"10.83.68.49",445,16,6,10,"10.84.42.134"
"1495476699.000",422,212,210,"10.83.68.49",445,7,3,4,"10.84.42.134"
"1495476699.000",2070,1154,916,"10.83.68.49",445,16,6,10,"10.84.42.134"
"1495476699.000",422,212,210,"10.83.68.49",445,7,3,4,"10.84.42.134"
"1495476699.000",2070,1154,916,"10.83.68.49",445,16,6,10,"10.84.42.134"
"1495476699.000",422,212,210,"10.83.68.49",445,7,3,4,"10.84.42.134"
"1495476552.000",492,0,492,"136.98.149.1",445,7,0,7,"10.84.42.134"
"1495476552.000",492,0,492,"10.125.242.1",445,7,0,7,"10.84.42.134"
"1495476552.000",492,0,492,"136.98.100.1",445,7,0,7,"10.84.42.134"
"1495476543.000",492,0,492,"136.98.100.1",445,7,0,7,"10.84.42.134"
"1495476543.000",492,0,492,"136.98.149.1",445,7,0,7,"10.84.42.134"
"1495475952.000",492,0,492,"136.98.100.1",445,7,0,7,"10.84.42.134"
"1495475619.000",6546,1881,4665,"10.11.168.9",445,24,10,14,"10.84.42.134"
"1495475598.000",574,0,574,"136.98.100.1",445,8,0,8,"10.84.42.134"
"1495475598.000",574,0,574,"136.98.149.1",445,8,0,8,"10.84.42.134"
"1495475598.000",574,0,574,"10.125.242.1",445,8,0,8,"10.84.42.134"
"1495475569.000",574,0,574,"136.98.100.1",445,8,0,8,"10.84.42.134"
"1495475569.000",574,0,574,"136.98.149.1",445,8,0,8,"10.84.42.134"
"1495475330.000",492,0,492,"10.125.242.1",445,7,0,7,"10.84.42.134"
"1495475330.000",492,0,492,"136.98.149.1",445,7,0,7,"10.84.42.134"
"1495475330.000",492,0,492,"136.98.100.1",445,7,0,7,"10.84.42.134"
"1495474315.000",8137,2743,5394,"10.11.168.9",445,30,13,17,"10.84.42.134"
"1495473820.000",6546,1881,4665,"10.11.168.9",445,24,10,14,"10.84.42.134"
"1495473726.000",6525,1881,4644,"10.11.168.10",445,24,10,14,"10.84.42.134"
"1495471890.000",2124,1208,916,"10.83.65.91",445,17,7,10,"10.84.42.134"
"1495471890.000",494,284,210,"10.83.65.91",445,8,4,4,"10.84.42.134"
"1495471889.000",352,212,140,"10.83.153.66",445,6,3,3,"10.84.42.134"
"1495471889.000",1976,1130,846,"10.83.153.66",445,15,6,9,"10.84.42.134"
"1495471803.000",422,212,210,"10.83.68.49",445,7,3,4,"10.84.42.134"
"1495471803.000",2070,1154,916,"10.83.68.49",445,16,6,10,"10.84.42.134"
"1495471802.000",422,212,210,"10.83.68.49",445,7,3,4,"10.84.42.134"
"1495471662.000",38475,16801,21674,"10.11.168.180",445,195,93,102,"10.84.42.134"
"1495471657.000",8145,2701,5444,"10.11.168.9",445,30,12,18,"10.84.42.134"
"1495471487.000",22348,8254,14094,"10.11.168.9",445,66,27,39,"10.84.42.134"
"1495471347.000",62,0,62,"10.83.65.184",445,1,0,1,"10.84.42.134"
"1495471346.000",62,0,62,"10.83.65.184",445,1,0,1,"10.84.42.134"
"1495471152.000",82,0,82,"136.98.181.1",445,2,0,2,"10.84.42.134"
"1495471152.000",82,0,82,"136.98.182.1",445,1,0,1,"10.84.42.134"
"1495471152.000",82,0,82,"186.214.252.94",445,1,0,1,"10.84.42.134"
"1495471152.000",82,0,82,"136.98.181.1",445,1,0,1,"10.84.42.134"
"1495471152.000",82,0,82,"186.214.252.94",445,1,0,1,"10.84.42.134"
"1495471152.000",82,0,82,"136.98.182.1",445,2,0,2,"10.84.42.134"
"1495471151.000",82,0,82,"136.98.181.1",445,1,0,1,"10.84.42.134"
"1495471151.000",82,0,82,"186.214.252.94",445,1,0,1,"10.84.42.134"
"1495471151.000",82,0,82,"136.98.182.1",445,1,0,1,"10.84.42.134"
"1495471150.000",82,0,82,"136.98.181.1",445,1,0,1,"10.84.42.134"
"1495471150.000",82,0,82,"186.214.252.94",445,1,0,1,"10.84.42.134"
"1495471150.000",82,0,82,"136.98.182.1",445,1,0,1,"10.84.42.134"
"1495471145.000",82,0,82,"186.214.252.94",445,1,0,1,"10.84.42.134"
"1495471145.000",82,0,82,"136.98.181.1",445,2,0,2,"10.84.42.134"
"1495471145.000",82,0,82,"136.98.182.1",445,2,0,2,"10.84.42.134"
"1495471059.000",1986,1140,846,"10.83.65.91",445,15,6,9,"10.84.42.134"
"1495471059.000",356,216,140,"10.83.65.91",445,6,3,3,"10.84.42.134"
"1495471058.000",97870841,47440864,50429977,"10.11.168.9",445,431826,215773,216053,"10.84.42.134"
"1495471054.000",138,78,60,"10.83.153.66",445,3,1,2,"10.84.42.134"
"1495471051.000",8044,2701,5343,"10.11.168.10",445,29,12,17,"10.84.42.134"
"1495470764.000",138,78,60,"10.83.65.91",445,3,1,2,"10.84.42.134"
"1495470756.000",352,212,140,"10.83.153.66",445,6,3,3,"10.84.42.134"
"1495470756.000",1976,1130,846,"10.83.153.66",445,15,6,9,"10.84.42.134"
"1495470716.000",36424581,9318693,27105888,"10.11.168.10",445,97118,44863,52255,"10.84.42.134"
"1495470716.000",34390824,8797427,25593397,"10.11.168.9",445,91773,42350,49423,"10.84.42.134"
"1495470379.000",82,0,82,"136.98.182.1",445,1,0,1,"10.84.42.134"
"1495470379.000",82,0,82,"136.98.181.1",445,1,0,1,"10.84.42.134"
"1495470377.000",82,0,82,"136.98.182.1",445,1,0,1,"10.84.42.134"
"1495470377.000",82,0,82,"136.98.181.1",445,1,0,1,"10.84.42.134"
"1495470377.000",82,0,82,"136.98.182.1",445,1,0,1,"10.84.42.134"
"1495470377.000",82,0,82,"136.98.181.1",445,1,0,1,"10.84.42.134"
"1495470236.000",82,0,82,"136.98.181.1",445,2,0,2,"10.84.42.134"
"1495470236.000",82,0,82,"136.98.182.1",445,2,0,2,"10.84.42.134"
"1495470235.000",82,0,82,"136.98.182.1",445,1,0,1,"10.84.42.134"
"1495470235.000",82,0,82,"136.98.181.1",445,1,0,1,"10.84.42.134"
"1495470234.000",82,0,82,"136.98.181.1",445,1,0,1,"10.84.42.134"
"1495470234.000",82,0,82,"136.98.182.1",445,1,0,1,"10.84.42.134"
"1495470233.000",82,0,82,"136.98.181.1",445,1,0,1,"10.84.42.134"
"1495470233.000",82,0,82,"136.98.182.1",445,1,0,1,"10.84.42.134"
"1495470232.000",82,0,82,"136.98.181.1",445,1,0,1,"10.84.42.134"
"1495470232.000",82,0,82,"136.98.182.1",445,1,0,1,"10.84.42.134"
"1495469905.000",1986,1140,846,"10.83.65.91",445,15,6,9,"10.84.42.134"
"1495469905.000",286,146,140,"10.83.65.91",445,5,2,3,"10.84.42.134"
"1495469841.000",8010,2672,5338,"10.11.168.9",445,29,12,17,"10.84.42.134"
"1495469839.000",20217,9118,11099,"10.11.168.180",445,93,44,49,"10.84.42.134"
"1495469611.000",35282,16826,18456,"10.11.168.9",445,122,58,64,"10.84.42.134"
"1495469601.000",356,216,140,"10.83.65.91",445,6,3,3,"10.84.42.134"
"1495469601.000",1986,1140,846,"10.83.65.91",445,15,6,9,"10.84.42.134"
"1495469599.000",8271,3264,5007,"10.11.168.10",445,26,11,15,"10.84.42.134"
"1495469533.000",19768,7124,12644,"10.11.168.9",445,65,30,35,"10.84.42.134"
"1495469533.000",6691,1822,4869,"10.11.168.10",445,25,9,16,"10.84.42.134"
"1495469523.000",356,216,140,"10.83.65.91",445,6,3,3,"10.84.42.134"
"1495469523.000",1986,1140,846,"10.83.65.91",445,15,6,9,"10.84.42.134"
"1495469486.000",286,146,140,"10.83.65.91",445,5,2,3,"10.84.42.134"
"1495469486.000",1986,1140,846,"10.83.65.91",445,15,6,9,"10.84.42.134"
"1495469485.000",286,146,140,"10.83.65.91",445,5,2,3,"10.84.42.134"
"1495469484.000",1986,1140,846,"10.83.65.91",445,15,6,9,"10.84.42.134"
"1495469484.000",286,146,140,"10.83.65.91",445,5,2,3,"10.84.42.134"
"1495469481.000",356,216,140,"10.83.65.91",445,6,3,3,"10.84.42.134"
"1495469481.000",1986,1140,846,"10.83.65.91",445,15,6,9,"10.84.42.134"
"1495469448.000",356,216,140,"10.83.65.91",445,6,3,3,"10.84.42.134"
"1495469448.000",1986,1140,846,"10.83.65.91",445,15,6,9,"10.84.42.134"
"1495469412.000",1986,1140,846,"10.83.65.91",445,15,6,9,"10.84.42.134"
"1495469412.000",286,146,140,"10.83.65.91",445,5,2,3,"10.84.42.134"
"1495469378.000",356,216,140,"10.83.65.91",445,6,3,3,"10.84.42.134"
"1495469378.000",1986,1140,846,"10.83.65.91",445,15,6,9,"10.84.42.134"
"1495469251.000",494,284,210,"10.83.65.91",445,8,4,4,"10.84.42.134"
"1495469251.000",2124,1208,916,"10.83.65.91",445,17,7,10,"10.84.42.134"
"1495469245.000",5033186,1287119,3746067,"10.11.168.9",445,13540,6207,7333,"10.84.42.134"
"1495469241.000",2070,1154,916,"10.83.68.49",445,16,6,10,"10.84.42.134"
"1495469241.000",422,212,210,"10.83.68.49",445,7,3,4,"10.84.42.134"
"1495469239.000",2070,1154,916,"10.83.14.42",445,16,6,10,"10.84.42.134"
"1495469239.000",282,142,140,"10.83.14.42",445,5,2,3,"10.84.42.134"
"1495469233.000",2070,1154,916,"10.83.14.42",445,16,6,10,"10.84.42.134"
"1495469233.000",2070,1154,916,"10.83.68.49",445,16,6,10,"10.84.42.134"
"1495469233.000",422,212,210,"10.83.14.42",445,7,3,4,"10.84.42.134"
"1495469233.000",282,142,140,"10.83.68.49",445,5,2,3,"10.84.42.134"
"1495469232.000",2070,1154,916,"10.83.68.49",445,16,6,10,"10.84.42.134"
"1495469232.000",422,212,210,"10.83.68.49",445,7,3,4,"10.84.42.134"
"1495469232.000",2070,1154,916,"10.83.14.42",445,16,6,10,"10.84.42.134"
"1495469232.000",282,142,140,"10.83.14.42",445,5,2,3,"10.84.42.134"
"1495469231.000",82,0,82,"136.98.181.1",445,1,0,1,"10.84.42.134"
"1495469231.000",82,0,82,"136.98.182.1",445,1,0,1,"10.84.42.134"
"1495469225.000",282,142,140,"10.83.14.42",445,5,2,3,"10.84.42.134"
"1495469224.000",82,0,82,"136.98.182.1",445,1,0,1,"10.84.42.134"
"1495469224.000",82,0,82,"136.98.181.1",445,1,0,1,"10.84.42.134"
"1495469222.000",82,0,82,"136.98.182.1",445,1,0,1,"10.84.42.134"
"1495469222.000",82,0,82,"136.98.181.1",445,1,0,1,"10.84.42.134"
"1495469216.000",82,0,82,"136.98.181.1",445,1,0,1,"10.84.42.134"
"1495469216.000",82,0,82,"136.98.182.1",445,1,0,1,"10.84.42.134"
"1495469208.000",1986,1140,846,"10.83.65.91",445,15,6,9,"10.84.42.134"
"1495469208.000",286,146,140,"10.83.65.91",445,5,2,3,"10.84.42.134"
"1495469208.000",1986,1140,846,"10.83.65.91",445,15,6,9,"10.84.42.134"
"1495469208.000",286,146,140,"10.83.65.91",445,5,2,3,"10.84.42.134"
"1495468898.000",1986,1140,846,"10.83.65.91",445,15,6,9,"10.84.42.134"
"1495468898.000",356,216,140,"10.83.65.91",445,6,3,3,"10.84.42.134"
"1495468894.000",82,0,82,"136.98.181.1",445,1,0,1,"10.84.42.134"
"1495468894.000",82,0,82,"136.98.182.1",445,1,0,1,"10.84.42.134"
"1495468854.000",286,146,140,"10.83.65.91",445,5,2,3,"10.84.42.134"
"1495468854.000",1986,1140,846,"10.83.65.91",445,15,6,9,"10.84.42.134"
"1495468850.000",356,216,140,"10.83.65.91",445,6,3,3,"10.84.42.134"
"1495468777.000",352,212,140,"10.83.29.108",445,6,3,3,"10.83.84.244"
"1495468777.000",1987,1141,846,"10.83.29.108",445,15,6,9,"10.83.84.244"
"1495468746.000",422,212,210,"10.83.68.49",445,7,3,4,"10.84.42.134"
"1495468746.000",2070,1154,916,"10.83.14.42",445,16,6,10,"10.84.42.134"
"1495468746.000",422,212,210,"10.83.14.42",445,7,3,4,"10.84.42.134"
"1495468746.000",2070,1154,916,"10.83.68.49",445,16,6,10,"10.84.42.134"
"1495468746.000",2070,1154,916,"10.83.14.42",445,16,6,10,"10.84.42.134"
"1495468746.000",282,142,140,"10.83.14.42",445,5,2,3,"10.84.42.134"
"1495468744.000",82,0,82,"136.98.181.1",445,1,0,1,"10.84.42.134"
"1495468744.000",82,0,82,"136.98.182.1",445,1,0,1,"10.84.42.134"
"1495468736.000",2070,1154,916,"10.83.14.42",445,16,6,10,"10.84.42.134"
"1495468736.000",82,0,82,"136.98.182.1",445,1,0,1,"10.84.42.134"
"1495468736.000",82,0,82,"136.98.181.1",445,1,0,1,"10.84.42.134"
"1495468736.000",422,212,210,"10.83.68.49",445,7,3,4,"10.84.42.134"
"1495468736.000",82,0,82,"136.98.182.1",445,1,0,1,"10.84.42.134"
"1495468736.000",2070,1154,916,"10.83.68.49",445,16,6,10,"10.84.42.134"
"1495468736.000",82,0,82,"136.98.181.1",445,1,0,1,"10.84.42.134"
"1495468736.000",422,212,210,"10.83.14.42",445,7,3,4,"10.84.42.134"
"1495468463.000",2070,1154,916,"10.83.68.49",445,16,6,10,"10.84.42.134"
"1495468463.000",2070,1154,916,"10.83.68.49",445,16,6,10,"10.84.42.134"
"1495468463.000",422,212,210,"10.83.68.49",445,7,3,4,"10.84.42.134"
"1495468463.000",422,212,210,"10.83.68.49",445,7,3,4,"10.84.42.134"
"1495468461.000",422,212,210,"10.83.68.49",445,7,3,4,"10.84.42.134"
"1495468461.000",2070,1154,916,"10.83.68.49",445,16,6,10,"10.84.42.134"
"1495468455.000",2070,1154,916,"10.83.68.49",445,16,6,10,"10.84.42.134"
"1495468454.000",422,212,210,"10.83.68.49",445,7,3,4,"10.84.42.134"
"1495468453.000",82,0,82,"136.98.182.1",445,1,0,1,"10.84.42.134"
"1495468453.000",82,0,82,"136.98.182.1",445,1,0,1,"10.84.42.134"
"1495468453.000",82,0,82,"136.98.181.1",445,1,0,1,"10.84.42.134"
"1495468453.000",82,0,82,"136.98.181.1",445,1,0,1,"10.84.42.134"
"1495468452.000",82,0,82,"136.98.182.1",445,1,0,1,"10.84.42.134"
"1495468452.000",82,0,82,"136.98.181.1",445,1,0,1,"10.84.42.134"
"1495468445.000",82,0,82,"136.98.182.1",445,1,0,1,"10.84.42.134"
"1495468445.000",82,0,82,"136.98.181.1",445,1,0,1,"10.84.42.134"
"1495468388.000",422,212,210,"10.83.68.49",445,7,3,4,"10.84.42.134"
"1495468388.000",2070,1154,916,"10.83.68.49",445,16,6,10,"10.84.42.134"
"1495468384.000",422,212,210,"10.83.68.49",445,7,3,4,"10.84.42.134"
"1495468384.000",2070,1154,916,"10.83.68.49",445,16,6,10,"10.84.42.134"
"1495468380.000",82,0,82,"136.98.181.1",445,1,0,1,"10.84.42.134"
"1495468380.000",82,0,82,"136.98.182.1",445,1,0,1,"10.84.42.134"
"1495468379.000",82,0,82,"136.98.181.1",445,1,0,1,"10.84.42.134"
"1495468379.000",82,0,82,"136.98.182.1",445,1,0,1,"10.84.42.134"
"1495468378.000",82,0,82,"136.98.182.1",445,1,0,1,"10.84.42.134"
"1495468378.000",82,0,82,"136.98.181.1",445,1,0,1,"10.84.42.134"
"1495468374.000",82,0,82,"136.98.182.1",445,1,0,1,"10.84.42.134"
"1495468374.000",82,0,82,"136.98.181.1",445,1,0,1,"10.84.42.134"
"1495468047.000",422,212,210,"10.83.68.49",445,7,3,4,"10.84.42.134"
"1495468047.000",422,212,210,"10.83.68.49",445,7,3,4,"10.84.42.134"
"1495468047.000",2070,1154,916,"10.83.68.49",445,16,6,10,"10.84.42.134"
"1495468047.000",2070,1154,916,"10.83.68.49",445,16,6,10,"10.84.42.134"
"1495468046.000",2070,1154,916,"10.83.68.49",445,16,6,10,"10.84.42.134"
"1495468046.000",422,212,210,"10.83.68.49",445,7,3,4,"10.84.42.134"
"1495468045.000",2070,1154,916,"10.83.68.49",445,16,6,10,"10.84.42.134"
"1495468044.000",282,142,140,"10.83.68.49",445,5,2,3,"10.84.42.134"
"1495468032.000",2070,1154,916,"10.83.68.49",445,16,6,10,"10.84.42.134"
"1495468031.000",422,212,210,"10.83.68.49",445,7,3,4,"10.84.42.134"
"1495467748.000",2070,1154,916,"10.83.68.49",445,16,6,10,"10.84.42.134"
"1495467747.000",422,212,210,"10.83.68.49",445,7,3,4,"10.84.42.134"
"1495467727.000",1987,1141,846,"10.83.29.108",445,15,6,9,"10.84.42.134"
"1495467727.000",282,142,140,"10.83.29.108",445,5,2,3,"10.84.42.134"
"1495467670.000",2070,1154,916,"10.83.68.49",445,16,6,10,"10.84.42.134"
"1495467670.000",422,212,210,"10.83.68.49",445,7,3,4,"10.84.42.134"
"1495467670.000",422,212,210,"10.83.68.49",445,7,3,4,"10.84.42.134"
"1495467670.000",2070,1154,916,"10.83.68.49",445,16,6,10,"10.84.42.134"
"1495467669.000",2070,1154,916,"10.83.68.49",445,16,6,10,"10.84.42.134"
"1495467669.000",282,142,140,"10.83.68.49",445,5,2,3,"10.84.42.134"
"1495467668.000",2070,1154,916,"10.83.68.49",445,16,6,10,"10.84.42.134"
"1495467668.000",422,212,210,"10.83.68.49",445,7,3,4,"10.84.42.134"
"1495467667.000",422,212,210,"10.83.68.49",445,7,3,4,"10.84.42.134"
"1495467667.000",2070,1154,916,"10.83.68.49",445,16,6,10,"10.84.42.134"
"1495467404.000",282,142,140,"10.83.3.150",445,5,2,3,"10.84.42.134"
"1495467404.000",282,142,140,"10.83.29.108",445,5,2,3,"10.84.42.134"
"1495467404.000",2008,1162,846,"10.83.3.150",445,15,6,9,"10.84.42.134"
"1495466938.000",352,212,140,"10.83.204.210",445,6,3,3,"10.84.42.134"
"1495466938.000",1987,1141,846,"10.83.29.108",445,15,6,9,"10.84.42.134"
"1495466938.000",282,142,140,"10.83.29.108",445,5,2,3,"10.84.42.134"
"1495465906.000",22920,8580,14340,"10.11.168.9",445,69,28,41,"10.84.42.134"
"1495460146.000",14228,4803,9425,"10.11.168.9",445,53,23,30,"10.84.42.134"
"1495455414.000",7501,2353,5148,"10.11.168.9",445,26,11,15,"10.84.42.134"
"1495454445.000",14228,4803,9425,"10.11.168.9",445,53,23,30,"10.84.42.134"
"1495451741.000",62,0,62,"10.204.90.25",445,1,0,1,"10.84.42.231"
"1495451741.000",62,0,62,"10.204.90.28",445,1,0,1,"10.84.42.231"
"1495451741.000",62,0,62,"10.112.168.30",445,1,0,1,"10.84.42.231"
"1495451740.000",62,0,62,"10.204.90.36",445,1,0,1,"10.84.42.231"
"1495437003.000",13362,5375,7987,"10.11.168.10",445,89,33,56,"10.84.42.134"
"1495429936.000",10390,3002,7388,"10.11.168.9",445,40,18,22,"10.84.42.134"
"1495429804.000",13362,5375,7987,"10.11.168.10",445,89,33,56,"10.84.42.134"
"1495479685.000",7505,2347,5158,"10.11.168.10",445,26,11,15,"10.84.42.134"
"1495479682.000",7543,2405,5138,"10.11.168.10",445,27,12,15,"10.84.42.134"
"1495479680.000",6467,1823,4644,"10.11.168.9",445,23,9,14,"10.84.42.134"
"1495479677.000",6467,1823,4644,"10.11.168.10",445,23,9,14,"10.84.42.134"
"1495479655.000",6533,1823,4710,"10.11.168.10",445,23,9,14,"10.84.42.134"
"1495477915.000",8073,2679,5394,"10.11.168.9",445,29,12,17,"10.84.42.134"
"1495477411.000",492,0,492,"10.125.242.1",445,7,0,7,"10.84.42.134"
"1495477411.000",492,0,492,"136.98.100.1",445,7,0,7,"10.84.42.134"
"1495477411.000",492,0,492,"136.98.149.1",445,7,0,7,"10.84.42.134"
"1495477377.000",492,0,492,"136.98.100.1",445,7,0,7,"10.84.42.134"
"1495477377.000",492,0,492,"10.125.242.1",445,7,0,7,"10.84.42.134"
"1495477377.000",492,0,492,"136.98.149.1",445,7,0,7,"10.84.42.134"
"1495477349.000",492,0,492,"10.125.242.1",445,7,0,7,"10.84.42.134"
"1495476942.000",492,0,492,"136.98.149.1",445,7,0,7,"10.84.42.134"
"1495476942.000",492,0,492,"10.125.242.1",445,7,0,7,"10.84.42.134"
"1495476942.000",492,0,492,"136.98.100.1",445,7,0,7,"10.84.42.134"
"1495476942.000",492,0,492,"10.125.242.1",445,7,0,7,"10.84.42.134"
"1495476942.000",492,0,492,"136.98.149.1",445,7,0,7,"10.84.42.134"
"1495476942.000",492,0,492,"136.98.100.1",445,7,0,7,"10.84.42.134"
"1495476940.000",492,0,492,"10.125.242.1",445,7,0,7,"10.84.42.134"
"1495476940.000",30833,12650,18183,"10.11.168.180",445,147,72,75,"10.84.42.134"
"1495476940.000",492,0,492,"136.98.149.1",445,7,0,7,"10.84.42.134"
"1495476940.000",492,0,492,"136.98.100.1",445,7,0,7,"10.84.42.134"
"1495476940.000",492,0,492,"136.98.149.1",445,7,0,7,"10.84.42.134"
"1495476940.000",492,0,492,"10.125.242.1",445,7,0,7,"10.84.42.134"
"1495476940.000",492,0,492,"136.98.100.1",445,7,0,7,"10.84.42.134"
"1495476931.000",492,0,492,"136.98.149.1",445,7,0,7,"10.84.42.134"
"1495476931.000",492,0,492,"10.125.242.1",445,7,0,7,"10.84.42.134"
"1495476931.000",492,0,492,"136.98.100.1",445,7,0,7,"10.84.42.134"
"1495476929.000",492,0,492,"136.98.100.1",445,7,0,7,"10.84.42.134"
"1495476929.000",492,0,492,"10.125.242.1",445,7,0,7,"10.84.42.134"
"1495476928.000",8090,2771,5319,"10.11.168.10",445,30,13,17,"10.84.42.134"
"1495476928.000",492,0,492,"136.98.100.1",445,7,0,7,"10.84.42.134"
"1495476928.000",492,0,492,"10.125.242.1",445,7,0,7,"10.84.42.134"
"1495476928.000",492,0,492,"136.98.149.1",445,7,0,7,"10.84.42.134"
"1495476294.000",10441,4641,5800,"10.11.168.180",445,49,23,26,"10.84.42.134"
"1495476292.000",492,0,492,"10.125.242.1",445,7,0,7,"10.84.42.134"
"1495476292.000",492,0,492,"136.98.100.1",445,7,0,7,"10.84.42.134"
"1495476289.000",492,0,492,"136.98.149.1",445,7,0,7,"10.84.42.134"
"1495476289.000",492,0,492,"136.98.100.1",445,7,0,7,"10.84.42.134"
"1495476289.000",492,0,492,"10.125.242.1",445,7,0,7,"10.84.42.134"
"1495476287.000",492,0,492,"136.98.149.1",445,7,0,7,"10.84.42.134"
"1495476287.000",492,0,492,"136.98.100.1",445,7,0,7,"10.84.42.134"
"1495475930.000",492,0,492,"136.98.100.1",445,7,0,7,"10.84.42.134"
"1495475930.000",492,0,492,"10.125.242.1",445,7,0,7,"10.84.42.134"
"1495475930.000",492,0,492,"136.98.149.1",445,7,0,7,"10.84.42.134"
"1495475929.000",16474,7310,9164,"10.11.168.180",445,76,36,40,"10.84.42.134"
"1495475551.000",492,0,492,"136.98.149.1",445,7,0,7,"10.84.42.134"
"1495475551.000",492,0,492,"136.98.100.1",445,7,0,7,"10.84.42.134"
"1495475551.000",492,0,492,"10.125.242.1",445,7,0,7,"10.84.42.134"
"1495474895.000",422,212,210,"10.83.68.49",445,7,3,4,"10.84.42.134"
"1495474895.000",2070,1154,916,"10.83.68.49",445,16,6,10,"10.84.42.134"
"1495474894.000",2070,1154,916,"10.83.68.49",445,16,6,10,"10.84.42.134"
"1495474893.000",2070,1154,916,"10.83.68.49",445,16,6,10,"10.84.42.134"
"1495474893.000",422,212,210,"10.83.68.49",445,7,3,4,"10.84.42.134"
"1495474893.000",422,212,210,"10.83.68.49",445,7,3,4,"10.84.42.134"
"1495474892.000",2070,1154,916,"10.83.68.49",445,16,6,10,"10.84.42.134"
"1495474892.000",422,212,210,"10.83.68.49",445,7,3,4,"10.84.42.134"
"1495474889.000",82,0,82,"186.214.252.94",445,1,0,1,"10.84.42.134"
"1495474888.000",82,0,82,"136.98.181.1",445,2,0,2,"10.84.42.134"
"1495474888.000",422,212,210,"10.83.68.49",445,7,3,4,"10.84.42.134"
"1495474888.000",82,0,82,"136.98.182.1",445,2,0,2,"10.84.42.134"
"1495474888.000",82,0,82,"186.214.252.94",445,1,0,1,"10.84.42.134"
"1495474888.000",2070,1154,916,"10.83.68.49",445,16,6,10,"10.84.42.134"
"1495474887.000",82,0,82,"136.98.181.1",445,2,0,2,"10.84.42.134"
"1495474887.000",82,0,82,"136.98.182.1",445,2,0,2,"10.84.42.134"
"1495474886.000",82,0,82,"186.214.252.94",445,1,0,1,"10.84.42.134"
"1495474886.000",82,0,82,"136.98.182.1",445,2,0,2,"10.84.42.134"
"1495474886.000",82,0,82,"136.98.181.1",445,2,0,2,"10.84.42.134"
"1495474885.000",82,0,82,"186.214.252.94",445,1,0,1,"10.84.42.134"
"1495474829.000",492,0,492,"10.125.242.1",445,7,0,7,"10.84.42.134"
"1495474829.000",492,0,492,"136.98.100.1",445,7,0,7,"10.84.42.134"
"1495474821.000",492,0,492,"136.98.149.1",445,7,0,7,"10.84.42.134"
"1495474821.000",492,0,492,"136.98.100.1",445,7,0,7,"10.84.42.134"
"1495474821.000",492,0,492,"10.125.242.1",445,7,0,7,"10.84.42.134"
"1495474819.000",492,0,492,"136.98.149.1",445,7,0,7,"10.84.42.134"
"1495474819.000",492,0,492,"10.125.242.1",445,7,0,7,"10.84.42.134"
"1495474819.000",492,0,492,"136.98.100.1",445,7,0,7,"10.84.42.134"
"1495474816.000",7442,2346,5096,"10.11.168.9",445,26,11,15,"10.84.42.134"
"1495474590.000",492,0,492,"136.98.149.1",445,7,0,7,"10.84.42.134"
"1495474590.000",492,0,492,"136.98.100.1",445,7,0,7,"10.84.42.134"
"1495474590.000",492,0,492,"10.125.242.1",445,7,0,7,"10.84.42.134"
"1495474589.000",492,0,492,"136.98.149.1",445,7,0,7,"10.84.42.134"
"1495474589.000",492,0,492,"136.98.100.1",445,7,0,7,"10.84.42.134"
"1495473635.000",7543,2405,5138,"10.11.168.10",445,27,12,15,"10.84.42.134"
"1495473415.000",7501,2353,5148,"10.11.168.9",445,26,11,15,"10.84.42.134"
"1495473355.000",6533,1823,4710,"10.11.168.10",445,23,9,14,"10.84.42.134"
"1495473235.000",5679,2527,3152,"10.11.195.10",445,21,9,12,"10.84.42.134"
"1495473235.000",6801,2149,4652,"10.11.168.10",445,23,9,14,"10.84.42.134"
"1495472233.000",6571,1822,4749,"10.11.168.9",445,23,9,14,"10.84.42.134"
"1495472141.000",7485,2347,5138,"10.11.168.9",445,26,11,15,"10.84.42.134"
"1495472090.000",286,146,140,"10.83.65.91",445,5,2,3,"10.84.42.134"
"1495472090.000",1986,1140,846,"10.83.65.91",445,15,6,9,"10.84.42.134"
"1495472046.000",1986,1140,846,"10.83.65.91",445,15,6,9,"10.84.42.134"
"1495471952.000",1986,1140,846,"10.83.65.91",445,15,6,9,"10.84.42.134"
"1495471952.000",356,216,140,"10.83.65.91",445,6,3,3,"10.84.42.134"
"1495471615.000",7501,2353,5148,"10.11.168.9",445,26,11,15,"10.84.42.134"
"1495471094.000",1986,1140,846,"10.83.65.91",445,15,6,9,"10.84.42.134"
"1495471094.000",352,212,140,"10.83.153.66",445,6,3,3,"10.84.42.134"
"1495471094.000",1976,1130,846,"10.83.153.66",445,15,6,9,"10.84.42.134"
"1495471094.000",356,216,140,"10.83.65.91",445,6,3,3,"10.84.42.134"
"1495470578.000",82,0,82,"136.98.181.1",445,1,0,1,"10.84.42.134"
"1495470578.000",82,0,82,"136.98.181.1",445,1,0,1,"10.84.42.134"
"1495470578.000",82,0,82,"136.98.182.1",445,1,0,1,"10.84.42.134"
"1495470578.000",82,0,82,"136.98.182.1",445,1,0,1,"10.84.42.134"
"1495470577.000",1986,1140,846,"10.83.65.91",445,15,6,9,"10.83.84.244"
"1495470577.000",356,216,140,"10.83.65.91",445,6,3,3,"10.83.84.244"
"1495470576.000",82,0,82,"136.98.181.1",445,1,0,1,"10.84.42.134"
"1495470576.000",82,0,82,"136.98.182.1",445,1,0,1,"10.84.42.134"
"1495470488.000",82,0,82,"136.98.181.1",445,1,0,1,"10.84.42.134"
"1495470488.000",82,0,82,"136.98.182.1",445,1,0,1,"10.84.42.134"
"1495470468.000",422,212,210,"10.83.14.42",445,7,3,4,"10.84.42.134"
"1495470468.000",2070,1154,916,"10.83.14.42",445,16,6,10,"10.84.42.134"
"1495470468.000",422,212,210,"10.83.68.49",445,7,3,4,"10.84.42.134"
"1495470468.000",2070,1154,916,"10.83.68.49",445,16,6,10,"10.84.42.134"
"1495470466.000",2070,1154,916,"10.83.68.49",445,16,6,10,"10.84.42.134"
"1495470466.000",422,212,210,"10.83.68.49",445,7,3,4,"10.84.42.134"
"1495470464.000",282,142,140,"10.83.14.42",445,5,2,3,"10.84.42.134"
"1495470464.000",2070,1154,916,"10.83.14.42",445,16,6,10,"10.84.42.134"
"1495470464.000",422,212,210,"10.83.68.49",445,7,3,4,"10.84.42.134"
"1495470464.000",422,212,210,"10.83.68.49",445,7,3,4,"10.84.42.134"
"1495470464.000",422,212,210,"10.83.14.42",445,7,3,4,"10.84.42.134"
"1495470464.000",282,142,140,"10.83.14.42",445,5,2,3,"10.84.42.134"
"1495470464.000",2070,1154,916,"10.83.14.42",445,16,6,10,"10.84.42.134"
"1495470464.000",2070,1154,916,"10.83.68.49",445,16,6,10,"10.84.42.134"
"1495470464.000",2070,1154,916,"10.83.68.49",445,16,6,10,"10.84.42.134"
"1495470464.000",2070,1154,916,"10.83.14.42",445,16,6,10,"10.84.42.134"
"1495470463.000",7444,2347,5097,"10.11.168.10",445,26,11,15,"10.84.42.134"
"1495470462.000",247516,130567,116949,"10.11.168.10",445,901,446,455,"10.84.42.134"
"1495470460.000",82,0,82,"136.98.182.1",445,1,0,1,"10.84.42.134"
"1495470458.000",422,212,210,"10.83.68.49",445,7,3,4,"10.84.42.134"
"1495470458.000",282,142,140,"10.83.14.42",445,5,2,3,"10.84.42.134"
"1495470458.000",2070,1154,916,"10.83.68.49",445,16,6,10,"10.84.42.134"
"1495470458.000",2070,1154,916,"10.83.14.42",445,16,6,10,"10.84.42.134"
"1495469815.000",7501,2353,5148,"10.11.168.9",445,26,11,15,"10.84.42.134"
"1495469736.000",147462,78126,69336,"10.11.168.9",445,544,265,279,"10.84.42.134"
"1495469645.000",356,216,140,"10.83.65.91",445,6,3,3,"10.84.42.134"
"1495469642.000",286,146,140,"10.83.65.91",445,5,2,3,"10.84.42.134"
"1495469642.000",1986,1140,846,"10.83.65.91",445,15,6,9,"10.84.42.134"
"1495469642.000",1986,1140,846,"10.83.65.91",445,15,6,9,"10.84.42.134"
"1495469642.000",356,216,140,"10.83.65.91",445,6,3,3,"10.84.42.134"
"1495469641.000",1986,1140,846,"10.83.65.91",445,15,6,9,"10.84.42.134"
"1495469641.000",286,146,140,"10.83.65.91",445,5,2,3,"10.84.42.134"
"1495468728.000",286,146,140,"10.83.65.91",445,5,2,3,"10.84.42.134"
"1495468728.000",1986,1140,846,"10.83.65.91",445,15,6,9,"10.84.42.134"
"1495468727.000",82,0,82,"136.98.182.1",445,1,0,1,"10.84.42.134"
"1495468727.000",82,0,82,"136.98.181.1",445,1,0,1,"10.84.42.134"
"1495468692.000",356,216,140,"10.83.65.91",445,6,3,3,"10.84.42.134"
"1495468680.000",1986,1140,846,"10.83.65.91",445,15,6,9,"10.84.42.134"
"1495468680.000",356,216,140,"10.83.65.91",445,6,3,3,"10.84.42.134"
"1495468668.000",2070,1154,916,"10.83.68.49",445,16,6,10,"10.84.42.134"
"1495468668.000",422,212,210,"10.83.68.49",445,7,3,4,"10.84.42.134"
"1495468663.000",2070,1154,916,"10.83.68.49",445,16,6,10,"10.84.42.134"
"1495468663.000",282,142,140,"10.83.68.49",445,5,2,3,"10.84.42.134"
"1495468661.000",422,212,210,"10.83.68.49",445,7,3,4,"10.84.42.134"
"1495468661.000",2070,1154,916,"10.83.68.49",445,16,6,10,"10.84.42.134"
"1495468658.000",286,146,140,"10.83.65.91",445,5,2,3,"10.84.42.134"
"1495468658.000",1986,1140,846,"10.83.65.91",445,15,6,9,"10.84.42.134"
"1495468656.000",82,0,82,"10.83.14.42",445,1,0,1,"10.84.42.134"
"1495468654.000",82,0,82,"136.98.182.1",445,1,0,1,"10.84.42.134"
"1495468654.000",82,0,82,"136.98.181.1",445,1,0,1,"10.84.42.134"
"1495468653.000",82,0,82,"10.83.14.42",445,1,0,1,"10.84.42.134"
"1495468652.000",82,0,82,"136.98.182.1",445,1,0,1,"10.84.42.134"
"1495468652.000",82,0,82,"136.98.181.1",445,1,0,1,"10.84.42.134"
"1495468652.000",2070,1154,916,"10.83.68.49",445,16,6,10,"10.84.42.134"
"1495468652.000",422,212,210,"10.83.68.49",445,7,3,4,"10.84.42.134"
"1495468651.000",82,0,82,"10.83.14.42",445,1,0,1,"10.84.42.134"
"1495467632.000",352,212,140,"10.83.29.108",445,6,3,3,"10.84.42.134"
"1495467631.000",282,142,140,"10.83.68.49",445,5,2,3,"10.84.42.134"
"1495467631.000",2070,1154,916,"10.83.68.49",445,16,6,10,"10.84.42.134"
"1495467631.000",138,78,60,"10.83.29.108",445,3,1,2,"10.84.42.134"
"1495467630.000",422,212,210,"10.83.68.49",445,7,3,4,"10.84.42.134"
"1495467630.000",2070,1154,916,"10.83.68.49",445,16,6,10,"10.84.42.134"
"1495467630.000",422,212,210,"10.83.68.49",445,7,3,4,"10.84.42.134"
"1495467630.000",2070,1154,916,"10.83.68.49",445,16,6,10,"10.84.42.134"
"1495467630.000",422,212,210,"10.83.68.49",445,7,3,4,"10.84.42.134"
"1495467630.000",2070,1154,916,"10.83.68.49",445,16,6,10,"10.84.42.134"
"1495467629.000",2070,1154,916,"10.83.68.49",445,16,6,10,"10.84.42.134"
"1495467629.000",422,212,210,"10.83.68.49",445,7,3,4,"10.84.42.134"
"1495467622.000",312,230,82,"10.83.29.108",445,4,3,1,"10.84.42.134"
"1495467328.000",1987,1141,846,"10.83.29.108",445,15,6,9,"10.84.42.134"
"1495467328.000",282,142,140,"10.83.29.108",445,5,2,3,"10.84.42.134"
"1495467327.000",352,212,140,"10.83.3.150",445,6,3,3,"10.84.42.134"
"1495458604.000",13362,5375,7987,"10.11.168.10",445,89,33,56,"10.84.42.134"
"1495454136.000",22476,8446,14030,"10.11.168.9",445,68,30,38,"10.84.42.134"
"1495451720.000",62,0,62,"10.214.186.229",445,1,0,1,"10.84.42.231"
"1495451720.000",62,0,62,"10.214.168.201",445,1,0,1,"10.84.42.231"
"1495451719.000",62,0,62,"10.214.168.200",445,1,0,1,"10.84.42.231"
"1495451719.000",62,0,62,"10.214.186.231",445,1,0,1,"10.84.42.231"
"1495451719.000",62,0,62,"10.214.186.232",445,1,0,1,"10.84.42.231"
"1495451719.000",62,0,62,"10.204.90.35",445,1,0,1,"10.84.42.231"
"1495451719.000",62,0,62,"10.214.168.202",445,1,0,1,"10.84.42.231"
"1495451718.000",62,0,62,"10.214.168.203",445,1,0,1,"10.84.42.231"
"1495451714.000",132,0,132,"10.214.168.202",445,2,0,2,"10.84.42.231"
"1495451713.000",132,0,132,"10.214.186.229",445,2,0,2,"10.84.42.231"
"1495451713.000",132,0,132,"10.204.90.35",445,2,0,2,"10.84.42.231"
"1495451713.000",132,0,132,"10.214.168.201",445,2,0,2,"10.84.42.231"
"1495451713.000",132,0,132,"10.214.186.231",445,2,0,2,"10.84.42.231"
"1495451713.000",132,0,132,"10.214.186.232",445,2,0,2,"10.84.42.231"
"1495451712.000",132,0,132,"10.214.168.203",445,2,0,2,"10.84.42.231"
"1495447894.000",23492,8970,14522,"10.11.168.9",445,72,30,42,"10.84.42.134"
"1495445939.000",122,60,62,"10.185.84.152",445,2,1,1,"10.84.42.134"
"1495445938.000",124,60,64,"10.185.84.152",445,2,1,1,"10.84.42.134"
"1495445936.000",116,54,62,"10.185.84.152",445,2,1,1,"10.84.42.134"
"1495441838.000",22412,8318,14094,"10.11.168.9",445,67,28,39,"10.84.42.134"
"1495480171.000",13305,5908,7397,"10.11.168.180",445,62,29,33,"10.84.42.134"
"1495478815.000",20016,6140,13876,"10.11.168.9",445,69,30,39,"10.84.42.134"
"1495478504.000",422,212,210,"10.83.68.49",445,7,3,4,"10.84.42.134"
"1495478501.000",82,0,82,"10.157.36.22",445,2,0,2,"10.84.42.134"
"1495478501.000",82,0,82,"136.98.182.1",445,2,0,2,"10.84.42.134"
"1495478501.000",82,0,82,"136.98.181.1",445,2,0,2,"10.84.42.134"
"1495478501.000",82,0,82,"136.98.181.1",445,2,0,2,"10.84.42.134"
"1495478501.000",82,0,82,"186.214.252.94",445,1,0,1,"10.84.42.134"
"1495478501.000",82,0,82,"10.157.36.22",445,2,0,2,"10.84.42.134"
"1495478499.000",82,0,82,"186.214.252.94",445,1,0,1,"10.84.42.134"
"1495478497.000",82,0,82,"10.157.36.22",445,2,0,2,"10.84.42.134"
"1495478497.000",82,0,82,"136.98.181.1",445,2,0,2,"10.84.42.134"
"1495478497.000",82,0,82,"136.98.182.1",445,2,0,2,"10.84.42.134"
"1495478497.000",82,0,82,"186.214.252.94",445,1,0,1,"10.84.42.134"
"1495478496.000",82,0,82,"10.157.36.22",445,2,0,2,"10.84.42.134"
"1495478496.000",82,0,82,"136.98.182.1",445,2,0,2,"10.84.42.134"
"1495478496.000",82,0,82,"186.214.252.94",445,1,0,1,"10.84.42.134"
"1495478496.000",82,0,82,"136.98.181.1",445,2,0,2,"10.84.42.134"
"1495478206.000",1632318,1539548,92770,"10.11.168.180",445,2219,1150,1069,"10.84.42.134"
"1495478206.000",492,0,492,"136.98.100.1",445,7,0,7,"10.84.42.134"
"1495477787.000",216834,113372,103462,"10.11.168.9",445,791,391,400,"10.84.42.134"
"1495477782.000",492,0,492,"136.98.100.1",445,7,0,7,"10.84.42.134"
"1495477782.000",492,0,492,"10.125.242.1",445,7,0,7,"10.84.42.134"
"1495477777.000",21610,8748,12862,"10.11.168.180",445,93,45,48,"10.84.42.134"
"1495477777.000",492,0,492,"10.125.242.1",445,7,0,7,"10.84.42.134"
"1495477777.000",492,0,492,"136.98.100.1",445,7,0,7,"10.84.42.134"
"1495477777.000",492,0,492,"136.98.149.1",445,7,0,7,"10.84.42.134"
"1495476909.000",492,0,492,"136.98.149.1",445,7,0,7,"10.84.42.134"
"1495476909.000",492,0,492,"10.125.242.1",445,7,0,7,"10.84.42.134"
"1495476909.000",492,0,492,"136.98.100.1",445,7,0,7,"10.84.42.134"
"1495476897.000",492,0,492,"136.98.149.1",445,7,0,7,"10.84.42.134"
"1495476897.000",492,0,492,"10.125.242.1",445,7,0,7,"10.84.42.134"
"1495476896.000",492,0,492,"136.98.149.1",445,7,0,7,"10.84.42.134"
"1495476896.000",492,0,492,"136.98.100.1",445,7,0,7,"10.84.42.134"
"1495476896.000",492,0,492,"10.125.242.1",445,7,0,7,"10.84.42.134"
"1495476811.000",492,0,492,"10.125.242.1",445,7,0,7,"10.84.42.134"
"1495476811.000",492,0,492,"136.98.149.1",445,7,0,7,"10.84.42.134"
"1495476811.000",492,0,492,"136.98.100.1",445,7,0,7,"10.84.42.134"
"1495476811.000",492,0,492,"136.98.149.1",445,7,0,7,"10.84.42.134"
"1495476811.000",492,0,492,"136.98.100.1",445,7,0,7,"10.84.42.134"
"1495476811.000",492,0,492,"10.125.242.1",445,7,0,7,"10.84.42.134"
"1495476733.000",492,0,492,"10.125.242.1",445,7,0,7,"10.84.42.134"
"1495476733.000",492,0,492,"136.98.100.1",445,7,0,7,"10.84.42.134"
"1495476733.000",6571,1822,4749,"10.11.168.9",445,23,9,14,"10.84.42.134"
"1495476733.000",492,0,492,"136.98.149.1",445,7,0,7,"10.84.42.134"
"1495476730.000",492,0,492,"10.125.242.1",445,7,0,7,"10.84.42.134"
"1495476730.000",492,0,492,"136.98.149.1",445,7,0,7,"10.84.42.134"
"1495476730.000",492,0,492,"136.98.100.1",445,7,0,7,"10.84.42.134"
"1495476326.000",492,0,492,"10.125.242.1",445,7,0,7,"10.84.42.134"
"1495476326.000",492,0,492,"136.98.100.1",445,7,0,7,"10.84.42.134"
"1495476326.000",492,0,492,"136.98.149.1",445,7,0,7,"10.84.42.134"
"1495476321.000",492,0,492,"10.125.242.1",445,7,0,7,"10.84.42.134"
"1495476321.000",492,0,492,"136.98.149.1",445,7,0,7,"10.84.42.134"
"1495476321.000",492,0,492,"136.98.100.1",445,7,0,7,"10.84.42.134"
"1495476317.000",492,0,492,"136.98.149.1",445,7,0,7,"10.84.42.134"
"1495476317.000",492,0,492,"10.125.242.1",445,7,0,7,"10.84.42.134"
"1495476317.000",492,0,492,"136.98.100.1",445,7,0,7,"10.84.42.134"
"1495476312.000",492,0,492,"10.125.242.1",445,7,0,7,"10.84.42.134"
"1495476312.000",492,0,492,"136.98.149.1",445,7,0,7,"10.84.42.134"
"1495476312.000",492,0,492,"136.98.100.1",445,7,0,7,"10.84.42.134"
"1495476312.000",492,0,492,"136.98.149.1",445,7,0,7,"10.84.42.134"
"1495476312.000",492,0,492,"136.98.149.1",445,7,0,7,"10.84.42.134"
"1495476312.000",492,0,492,"136.98.100.1",445,7,0,7,"10.84.42.134"
"1495476312.000",492,0,492,"136.98.100.1",445,7,0,7,"10.84.42.134"
"1495476312.000",492,0,492,"10.125.242.1",445,7,0,7,"10.84.42.134"
"1495476312.000",492,0,492,"10.125.242.1",445,7,0,7,"10.84.42.134"
"1495476302.000",492,0,492,"10.125.242.1",445,7,0,7,"10.84.42.134"
"1495476302.000",492,0,492,"136.98.149.1",445,7,0,7,"10.84.42.134"
"1495476302.000",492,0,492,"136.98.100.1",445,7,0,7,"10.84.42.134"
"1495476087.000",82,0,82,"10.160.245.129",445,1,0,1,"10.84.42.134"
"1495476086.000",492,0,492,"136.98.149.1",445,7,0,7,"10.84.42.134"
"1495476086.000",492,0,492,"10.125.242.1",445,7,0,7,"10.84.42.134"
"1495476083.000",492,0,492,"136.98.100.1",445,7,0,7,"10.84.42.134"
"1495476083.000",492,0,492,"10.125.242.1",445,7,0,7,"10.84.42.134"
"1495476083.000",492,0,492,"136.98.149.1",445,7,0,7,"10.84.42.134"
"1495476074.000",492,0,492,"136.98.100.1",445,7,0,7,"10.84.42.134"
"1495476074.000",492,0,492,"10.125.242.1",445,7,0,7,"10.84.42.134"
"1495476074.000",492,0,492,"136.98.149.1",445,7,0,7,"10.84.42.134"
"1495476073.000",82,0,82,"10.160.245.129",445,1,0,1,"10.84.42.134"
"1495476073.000",492,0,492,"136.98.149.1",445,7,0,7,"10.84.42.134"
"1495476064.000",492,0,492,"136.98.100.1",445,7,0,7,"10.84.42.134"
"1495476064.000",492,0,492,"10.125.242.1",445,7,0,7,"10.84.42.134"
"1495476062.000",82,0,82,"10.160.245.129",445,1,0,1,"10.84.42.134"
"1495476007.000",82,0,82,"10.160.245.129",445,1,0,1,"10.84.42.134"
"1495475791.000",492,0,492,"10.125.242.1",445,7,0,7,"10.84.42.134"
"1495475791.000",492,0,492,"136.98.149.1",445,7,0,7,"10.84.42.134"
"1495475791.000",492,0,492,"136.98.100.1",445,7,0,7,"10.84.42.134"
"1495475790.000",492,0,492,"136.98.149.1",445,7,0,7,"10.84.42.134"
"1495475790.000",492,0,492,"10.125.242.1",445,7,0,7,"10.84.42.134"
"1495475790.000",492,0,492,"136.98.100.1",445,7,0,7,"10.84.42.134"
"1495474975.000",6447,1823,4624,"10.11.168.9",445,23,9,14,"10.84.42.134"
"1495474311.000",1986,1140,846,"10.83.65.91",445,15,6,9,"10.83.84.205"
"1495474311.000",356,216,140,"10.83.65.91",445,6,3,3,"10.83.84.205"
"1495472855.000",20420,8973,11447,"10.11.168.180",445,107,49,58,"10.84.42.134"
"1495472831.000",7813,2519,5294,"10.11.168.10",445,31,13,18,"10.84.42.134"
"1495472831.000",22145,9816,12329,"10.11.168.180",445,117,53,64,"10.84.42.134"
"1495472743.000",33652,14711,18941,"10.11.168.180",445,166,78,88,"10.84.42.134"
"1495472738.000",8145,2701,5444,"10.11.168.9",445,30,12,18,"10.84.42.134"
"1495472725.000",282,142,140,"10.83.153.66",445,5,2,3,"10.84.42.134"
"1495472725.000",1976,1130,846,"10.83.153.66",445,15,6,9,"10.84.42.134"
"1495472520.000",21224,6856,14368,"10.11.168.9",445,76,33,43,"10.84.42.134"
"1495451405.000",13362,5375,7987,"10.11.168.10",445,89,33,56,"10.84.42.134"
"1495447314.000",7501,2353,5148,"10.11.168.9",445,26,11,15,"10.84.42.134"
"1495465315.000",7565,2417,5148,"10.11.168.9",445,27,12,15,"10.84.42.134"
"1495443970.000",132,0,132,"10.21.34.12",445,2,0,2,"10.84.42.134"
"1495443964.000",62,0,62,"10.160.14.11",445,1,0,1,"10.84.42.134"
"1495443964.000",62,0,62,"10.233.34.104",445,1,0,1,"10.84.42.134"
"1495443964.000",62,0,62,"10.68.34.5",445,1,0,1,"10.84.42.134"
"1495443964.000",62,0,62,"10.60.34.11",445,1,0,1,"10.84.42.134"
"1495443963.000",62,0,62,"10.145.253.11",445,1,0,1,"10.84.42.134"
"1495443963.000",62,0,62,"10.151.34.13",445,1,0,1,"10.84.42.134"
"1495443962.000",62,0,62,"10.145.42.30",445,1,0,1,"10.84.42.134"
"1495443961.000",66,0,66,"10.68.34.5",445,1,0,1,"10.84.42.134"
"1495443961.000",66,0,66,"10.233.34.104",445,1,0,1,"10.84.42.134"
"1495443958.000",132,0,132,"10.151.34.13",445,2,0,2,"10.84.42.134"
"1495443958.000",132,0,132,"10.68.34.5",445,2,0,2,"10.84.42.134"
"1495443958.000",132,0,132,"10.145.253.11",445,2,0,2,"10.84.42.134"
"1495443958.000",132,0,132,"10.233.34.104",445,2,0,2,"10.84.42.134"
"1495443958.000",132,0,132,"10.60.34.11",445,2,0,2,"10.84.42.134"
"1495443956.000",132,0,132,"10.145.42.30",445,2,0,2,"10.84.42.134"
"1495443935.000",132,0,132,"10.185.31.77",445,2,0,2,"10.84.42.134"
"1495443934.000",140,0,140,"10.68.34.4",445,2,0,2,"10.84.42.134"
"1495443922.000",62,0,62,"10.21.34.13",445,1,0,1,"10.84.42.134"
"1495443922.000",62,0,62,"10.168.125.20",445,1,0,1,"10.84.42.134"
"1495443921.000",62,0,62,"10.151.34.11",445,1,0,1,"10.84.42.134"
"1495443921.000",62,0,62,"10.21.34.11",445,1,0,1,"10.84.42.134"
"1495443921.000",62,0,62,"10.145.203.18",445,1,0,1,"10.84.42.134"
"1495443921.000",62,0,62,"10.151.34.12",445,1,0,1,"10.84.42.134"
"1495443921.000",62,0,62,"10.191.11.11",445,1,0,1,"10.84.42.134"
"1495443920.000",62,0,62,"10.21.34.12",445,1,0,1,"10.84.42.134"
"1495443916.000",132,0,132,"10.168.125.20",445,2,0,2,"10.84.42.134"
"1495441913.000",7501,2353,5148,"10.11.168.9",445,26,11,15,"10.84.42.134"
"1495435660.000",21553,9151,12402,"10.11.168.9",445,74,33,41,"10.84.42.134"
"1495432913.000",7501,2353,5148,"10.11.168.9",445,26,11,15,"10.84.42.134"
"1495425712.000",7501,2353,5148,"10.11.168.9",445,26,11,15,"10.84.42.134"
"1495423012.000",7501,2353,5148,"10.11.168.9",445,26,11,15,"10.84.42.134"
"1495412212.000",7501,2353,5148,"10.11.168.9",445,26,11,15,"10.84.42.134"
"1495405912.000",7501,2353,5148,"10.11.168.9",445,26,11,15,"10.84.42.134"
"1495457214.000",7501,2353,5148,"10.11.168.9",445,26,11,15,"10.84.42.134"
"1495450914.000",7501,2353,5148,"10.11.168.9",445,26,11,15,"10.84.42.134"
"1495449114.000",7565,2417,5148,"10.11.168.9",445,27,12,15,"10.84.42.134"
"1495447784.000",14164,4739,9425,"10.11.168.9",445,52,22,30,"10.84.42.134"
"1495446414.000",7501,2353,5148,"10.11.168.9",445,26,11,15,"10.84.42.134"
"1495438313.000",7501,2353,5148,"10.11.168.9",445,26,11,15,"10.84.42.134"
"1495422157.000",14164,4739,9425,"10.11.168.9",445,52,22,30,"10.84.42.134"
"1495422112.000",7501,2353,5148,"10.11.168.9",445,26,11,15,"10.84.42.134"
"1495414012.000",7501,2353,5148,"10.11.168.9",445,26,11,15,"10.84.42.134"
"1495396011.000",7501,2353,5148,"10.11.168.9",445,26,11,15,"10.84.42.134"
"1495389211.000",14100,4739,9361,"10.11.168.9",445,51,22,29,"10.84.42.134"
"1495382511.000",7501,2353,5148,"10.11.168.9",445,26,11,15,"10.84.42.134"
"1495371145.000",21425,9087,12338,"10.11.168.9",445,72,32,40,"10.84.42.134"
"1495370810.000",7501,2353,5148,"10.11.168.9",445,26,11,15,"10.84.42.134"
"1495444000.000",132,0,132,"10.191.66.12",445,2,0,2,"10.84.42.134"
"1495443999.000",132,0,132,"10.14.34.25",445,2,0,2,"10.84.42.134"
"1495443999.000",132,0,132,"10.145.42.26",445,2,0,2,"10.84.42.134"
"1495443999.000",132,0,132,"10.60.34.12",445,2,0,2,"10.84.42.134"
"1495443999.000",132,0,132,"10.191.66.11",445,2,0,2,"10.84.42.134"
"1495443999.000",132,0,132,"10.68.34.4",445,2,0,2,"10.84.42.134"
"1495443998.000",132,0,132,"10.191.11.12",445,2,0,2,"10.84.42.134"
"1495443997.000",140,0,140,"10.68.34.4",445,2,0,2,"10.84.42.134"
"1495443996.000",62,0,62,"10.185.31.77",445,1,0,1,"10.84.42.134"
"1495443990.000",132,0,132,"10.185.31.77",445,2,0,2,"10.84.42.134"
"1495443985.000",62,0,62,"10.21.34.11",445,1,0,1,"10.84.42.134"
"1495443985.000",62,0,62,"10.168.125.20",445,1,0,1,"10.84.42.134"
"1495443984.000",62,0,62,"10.21.34.13",445,1,0,1,"10.84.42.134"
"1495443984.000",62,0,62,"10.191.11.11",445,1,0,1,"10.84.42.134"
"1495443984.000",62,0,62,"10.151.34.12",445,1,0,1,"10.84.42.134"
"1495443984.000",62,0,62,"10.151.34.11",445,1,0,1,"10.84.42.134"
"1495443984.000",62,0,62,"10.145.203.18",445,1,0,1,"10.84.42.134"
"1495443979.000",132,0,132,"10.151.34.12",445,2,0,2,"10.84.42.134"
"1495443979.000",132,0,132,"10.191.11.11",445,2,0,2,"10.84.42.134"
"1495443979.000",132,0,132,"10.151.34.11",445,2,0,2,"10.84.42.134"
"1495443979.000",132,0,132,"10.21.34.13",445,2,0,2,"10.84.42.134"
"1495443979.000",132,0,132,"10.168.125.20",445,2,0,2,"10.84.42.134"
"1495443977.000",132,0,132,"10.145.203.18",445,2,0,2,"10.84.42.134"
"1495443976.000",62,0,62,"10.21.34.12",445,1,0,1,"10.84.42.134"
"1495443955.000",140,0,140,"10.233.34.104",445,2,0,2,"10.84.42.134"
"1495443955.000",140,0,140,"10.68.34.5",445,2,0,2,"10.84.42.134"
"1495443954.000",12428,0,12428,"10.14.34.25",445,192,0,192,"10.84.42.134"
"1495443949.000",12978,0,12978,"10.14.34.25",445,189,0,189,"10.84.42.134"
"1495443943.000",62,0,62,"10.145.42.26",445,1,0,1,"10.84.42.134"
"1495443943.000",62,0,62,"10.68.34.4",445,1,0,1,"10.84.42.134"
"1495443943.000",62,0,62,"10.191.11.12",445,1,0,1,"10.84.42.134"
"1495443943.000",62,0,62,"10.60.34.12",445,1,0,1,"10.84.42.134"
"1495443942.000",62,0,62,"10.14.34.25",445,1,0,1,"10.84.42.134"
"1495443940.000",66,0,66,"10.68.34.4",445,1,0,1,"10.84.42.134"
"1495443937.000",132,0,132,"10.145.42.26",445,2,0,2,"10.84.42.134"
"1495443937.000",132,0,132,"10.60.34.12",445,2,0,2,"10.84.42.134"
"1495443937.000",132,0,132,"10.191.66.12",445,2,0,2,"10.84.42.134"
"1495443936.000",132,0,132,"10.68.34.4",445,2,0,2,"10.84.42.134"
"1495443936.000",132,0,132,"10.191.66.11",445,2,0,2,"10.84.42.134"
"1495443936.000",132,0,132,"10.14.34.25",445,2,0,2,"10.84.42.134"
"1495443936.000",132,0,132,"10.191.11.12",445,2,0,2,"10.84.42.134"
"1495441013.000",7501,2353,5148,"10.11.168.9",445,26,11,15,"10.84.42.134"
"1495435613.000",7501,2353,5148,"10.11.168.9",445,26,11,15,"10.84.42.134"
"1495424812.000",7501,2353,5148,"10.11.168.9",445,26,11,15,"10.84.42.134"
"1495421213.000",7501,2353,5148,"10.11.168.9",445,26,11,15,"10.84.42.134"
"1495408612.000",7501,2353,5148,"10.11.168.9",445,26,11,15,"10.84.42.134"
"1495403211.000",8223,2733,5490,"10.11.168.9",445,31,13,18,"10.84.42.134"
"1495389711.000",7565,2417,5148,"10.11.168.9",445,27,12,15,"10.84.42.134"
"1495387011.000",7501,2353,5148,"10.11.168.9",445,26,11,15,"10.84.42.134"
"1495381611.000",7501,2353,5148,"10.11.168.9",445,26,11,15,"10.84.42.134"
"1495367210.000",7501,2353,5148,"10.11.168.9",445,26,11,15,"10.84.42.134"
"1495365564.000",14228,4803,9425,"10.11.168.9",445,53,23,30,"10.84.42.134"
"1495419412.000",7501,2353,5148,"10.11.168.9",445,26,11,15,"10.84.42.134"
"1495411312.000",7501,2353,5148,"10.11.168.9",445,26,11,15,"10.84.42.134"
"1495410412.000",7501,2353,5148,"10.11.168.9",445,26,11,15,"10.84.42.134"
"1495406812.000",7501,2353,5148,"10.11.168.9",445,26,11,15,"10.84.42.134"
"1495393311.000",7565,2417,5148,"10.11.168.9",445,27,12,15,"10.84.42.134"
"1495383690.000",14164,4739,9425,"10.11.168.9",445,52,22,30,"10.84.42.134"
"1495374410.000",7501,2353,5148,"10.11.168.9",445,26,11,15,"10.84.42.134"
"1495357309.000",7501,2353,5148,"10.11.168.9",445,26,11,15,"10.84.42.134"
"1495347441.000",14100,4739,9361,"10.11.168.9",445,51,22,29,"10.84.42.134"
"1495341109.000",7501,2353,5148,"10.11.168.9",445,26,11,15,"10.84.42.134"
"1495340359.000",14227,4802,9425,"10.11.168.9",445,53,23,30,"10.84.42.134"
"1495332108.000",7565,2417,5148,"10.11.168.9",445,27,12,15,"10.84.42.134"
"1495330308.000",7501,2353,5148,"10.11.168.9",445,26,11,15,"10.84.42.134"
"1495436513.000",7565,2417,5148,"10.11.168.9",445,27,12,15,"10.84.42.134"
"1495434713.000",7501,2353,5148,"10.11.168.9",445,26,11,15,"10.84.42.134"
"1495432013.000",7501,2353,5148,"10.11.168.9",445,26,11,15,"10.84.42.134"
"1495429313.000",7501,2353,5148,"10.11.168.9",445,26,11,15,"10.84.42.134"
"1495423912.000",7501,2353,5148,"10.11.168.9",445,26,11,15,"10.84.42.134"
"1495420312.000",7501,2353,5148,"10.11.168.9",445,26,11,15,"10.84.42.134"
"1495415916.000",14440,5009,9431,"10.11.168.9",445,54,24,30,"10.84.42.134"
"1495398711.000",7501,2353,5148,"10.11.168.9",445,26,11,15,"10.84.42.134"
"1495395872.000",14228,4803,9425,"10.11.168.9",445,53,23,30,"10.84.42.134"
"1495385211.000",7501,2353,5148,"10.11.168.9",445,26,11,15,"10.84.42.134"
"1495429962.000",8288454217,8259113151,29341066,"10.188.60.18",445,5868679,5443354,425325,"10.84.42.134"
"1495429952.000",25936,10489,15447,"10.11.168.9",445,77,33,44,"10.84.42.134"
"1495428413.000",7501,2353,5148,"10.11.168.9",445,26,11,15,"10.84.42.134"
"1495418512.000",7501,2353,5148,"10.11.168.9",445,26,11,15,"10.84.42.134"
"1495417612.000",7501,2353,5148,"10.11.168.9",445,26,11,15,"10.84.42.134"
"1495409512.000",7501,2353,5148,"10.11.168.9",445,26,11,15,"10.84.42.134"
"1495408835.000",14100,4739,9361,"10.11.168.9",445,51,22,29,"10.84.42.134"
"1495407712.000",7565,2417,5148,"10.11.168.9",445,27,12,15,"10.84.42.134"
"1495405012.000",7501,2353,5148,"10.11.168.9",445,26,11,15,"10.84.42.134"
"1495402311.000",7565,2417,5148,"10.11.168.9",445,27,12,15,"10.84.42.134"
"1495399611.000",7501,2353,5148,"10.11.168.9",445,26,11,15,"10.84.42.134"
"1495396911.000",7501,2353,5148,"10.11.168.9",445,26,11,15,"10.84.42.134"
"1495404112.000",7501,2353,5148,"10.11.168.9",445,26,11,15,"10.84.42.134"
"1495401753.000",14100,4739,9361,"10.11.168.9",445,51,22,29,"10.84.42.134"
"1495401411.000",7501,2353,5148,"10.11.168.9",445,26,11,15,"10.84.42.134"
"1495400511.000",7565,2417,5148,"10.11.168.9",445,27,12,15,"10.84.42.134"
"1495391511.000",7565,2417,5148,"10.11.168.9",445,27,12,15,"10.84.42.134"
"1495390611.000",7501,2353,5148,"10.11.168.9",445,26,11,15,"10.84.42.134"
"1495379811.000",7501,2353,5148,"10.11.168.9",445,26,11,15,"10.84.42.134"
"1495397811.000",7501,2353,5148,"10.11.168.9",445,26,11,15,"10.84.42.134"
"1495395111.000",7501,2353,5148,"10.11.168.9",445,26,11,15,"10.84.42.134"
"1495386111.000",7501,2353,5148,"10.11.168.9",445,26,11,15,"10.84.42.134"
"1495383411.000",7501,2353,5148,"10.11.168.9",445,26,11,15,"10.84.42.134"
"1495392411.000",7565,2417,5148,"10.11.168.9",445,27,12,15,"10.84.42.134"
"1495378010.000",7501,2353,5148,"10.11.168.9",445,26,11,15,"10.84.42.134"
"1495372610.000",7565,2417,5148,"10.11.168.9",445,27,12,15,"10.84.42.134"
"1495394211.000",7501,2353,5148,"10.11.168.9",445,26,11,15,"10.84.42.134"
"1495388811.000",7501,2353,5148,"10.11.168.9",445,26,11,15,"10.84.42.134"
"1495387911.000",7501,2353,5148,"10.11.168.9",445,26,11,15,"10.84.42.134"
"1495384311.000",7565,2417,5148,"10.11.168.9",445,27,12,15,"10.84.42.134"
"1495373510.000",7500,2353,5147,"10.11.168.9",445,26,11,15,"10.84.42.134"
"1495371710.000",7501,2353,5148,"10.11.168.9",445,26,11,15,"10.84.42.134"
"1495363610.000",7501,2353,5148,"10.11.168.9",445,26,11,15,"10.84.42.134"
"1495361810.000",7501,2353,5148,"10.11.168.9",445,26,11,15,"10.84.42.134"
"1495347409.000",7501,2353,5148,"10.11.168.9",445,26,11,15,"10.84.42.134"
"1495346509.000",7565,2417,5148,"10.11.168.9",445,27,12,15,"10.84.42.134"
"1495342009.000",7501,2353,5148,"10.11.168.9",445,26,11,15,"10.84.42.134"
"1495333908.000",7565,2417,5148,"10.11.168.9",445,27,12,15,"10.84.42.134"
"1495329408.000",7501,2353,5148,"10.11.168.9",445,26,11,15,"10.84.42.134"
"1495205202.000",7501,2353,5148,"10.11.168.10",445,26,11,15,"10.84.42.134"
"1495191702.000",7501,2353,5148,"10.11.168.10",445,26,11,15,"10.84.42.134"
"1495189003.000",7501,2353,5148,"10.11.168.10",445,26,11,15,"10.84.42.134"
"1495174301.000",14228,4803,9425,"10.11.168.9",445,53,23,30,"10.84.42.134"
"1495171001.000",7779,2423,5356,"10.11.168.9",445,28,12,16,"10.84.42.134"
"1495169202.000",7501,2353,5148,"10.11.168.9",445,26,11,15,"10.84.42.134"
"1495167699.000",14228,4803,9425,"10.11.168.9",445,53,23,30,"10.84.42.134"
"1495166501.000",7565,2417,5148,"10.11.168.9",445,27,12,15,"10.84.42.134"
"1495153901.000",7501,2353,5148,"10.11.168.9",445,26,11,15,"10.84.42.134"
"1495152100.000",7501,2353,5148,"10.11.168.9",445,26,11,15,"10.84.42.134"
"1495150301.000",7501,2353,5148,"10.11.168.9",445,26,11,15,"10.84.42.134"
"1495147601.000",7501,2353,5148,"10.11.168.9",445,26,11,15,"10.84.42.134"
"1495141300.000",7565,2417,5148,"10.11.168.9",445,27,12,15,"10.84.42.134"
"1495137701.000",7565,2417,5148,"10.11.168.9",445,27,12,15,"10.84.42.134"
"1495136800.000",7501,2353,5148,"10.11.168.9",445,26,11,15,"10.84.42.134"
"1495130500.000",7501,2353,5148,"10.11.168.9",445,26,11,15,"10.84.42.134"
"1495129599.000",7565,2353,5212,"10.11.168.9",445,27,11,16,"10.84.42.134"
"1495127799.000",7565,2417,5148,"10.11.168.9",445,27,12,15,"10.84.42.134"
"1495126000.000",7501,2353,5148,"10.11.168.9",445,26,11,15,"10.84.42.134"
"1495124200.000",7501,2353,5148,"10.11.168.9",445,26,11,15,"10.84.42.134"
"1495120600.000",7501,2353,5148,"10.11.168.9",445,26,11,15,"10.84.42.134"
"1495118668.000",14228,4803,9425,"10.11.168.9",445,53,23,30,"10.84.42.134"
"1495113400.000",7501,2353,5148,"10.11.168.9",445,26,11,15,"10.84.42.134"
"1495112500.000",7501,2353,5148,"10.11.168.9",445,26,11,15,"10.84.42.134"
"1495108899.000",7565,2417,5148,"10.11.168.9",445,27,12,15,"10.84.42.134"
"1495107998.000",7501,2353,5148,"10.11.168.9",445,26,11,15,"10.84.42.134"
"1495102599.000",7501,2353,5148,"10.11.168.9",445,26,11,15,"10.84.42.134"
"1495097198.000",7501,2353,5148,"10.11.168.10",445,26,11,15,"10.84.42.134"
"1495096299.000",7501,2353,5148,"10.11.168.10",445,26,11,15,"10.84.42.134"
"1495092699.000",7565,2417,5148,"10.11.168.10",445,27,12,15,"10.84.42.134"
"1495089097.000",7565,2417,5148,"10.11.168.10",445,27,12,15,"10.84.42.134"
"1495085498.000",7565,2417,5148,"10.11.168.10",445,27,12,15,"10.84.42.134"
"1495082798.000",7501,2353,5148,"10.11.168.10",445,26,11,15,"10.84.42.134"
"1495079198.000",7501,2353,5148,"10.11.168.10",445,26,11,15,"10.84.42.134"
"1495076498.000",7501,2353,5148,"10.11.168.10",445,26,11,15,"10.84.42.134"
"1495380710.000",7501,2353,5148,"10.11.168.9",445,26,11,15,"10.84.42.134"
"1495377111.000",7501,2353,5148,"10.11.168.9",445,26,11,15,"10.84.42.134"
"1495356409.000",7501,2353,5148,"10.11.168.9",445,26,11,15,"10.84.42.134"
"1495355509.000",7501,2353,5148,"10.11.168.9",445,26,11,15,"10.84.42.134"
"1495351909.000",7501,2353,5148,"10.11.168.9",445,26,11,15,"10.84.42.134"
"1495351009.000",7501,2353,5148,"10.11.168.9",445,26,11,15,"10.84.42.134"
"1495348309.000",7565,2417,5148,"10.11.168.9",445,27,12,15,"10.84.42.134"
"1495344709.000",7565,2417,5148,"10.11.168.9",445,27,12,15,"10.84.42.134"
"1495339309.000",7565,2417,5148,"10.11.168.9",445,27,12,15,"10.84.42.134"
"1495334808.000",7565,2353,5212,"10.11.168.9",445,27,11,16,"10.84.42.134"
"1495324008.000",7501,2353,5148,"10.11.168.9",445,26,11,15,"10.84.42.134"
"1495323108.000",7565,2417,5148,"10.11.168.9",445,27,12,15,"10.84.42.134"
"1495318608.000",7501,2353,5148,"10.11.168.9",445,26,11,15,"10.84.42.134"
"1495316808.000",7501,2353,5148,"10.11.168.9",445,26,11,15,"10.84.42.134"
"1495378910.000",7501,2353,5148,"10.11.168.9",445,26,11,15,"10.84.42.134"
"1495377328.000",14100,4739,9361,"10.11.168.9",445,51,22,29,"10.84.42.134"
"1495376210.000",7501,2353,5148,"10.11.168.9",445,26,11,15,"10.84.42.134"
"1495375310.000",7501,2353,5148,"10.11.168.9",445,26,11,15,"10.84.42.134"
"1495350109.000",7501,2353,5148,"10.11.168.9",445,26,11,15,"10.84.42.134"
"1495335708.000",7881,2663,5218,"10.11.168.9",445,28,12,16,"10.84.42.134"
"1495324908.000",7501,2353,5148,"10.11.168.9",445,26,11,15,"10.84.42.134"
"1495360910.000",7501,2353,5148,"10.11.168.9",445,26,11,15,"10.84.42.134"
"1495359203.000",14100,4739,9361,"10.11.168.9",445,51,22,29,"10.84.42.134"
"1495352809.000",7501,2353,5148,"10.11.168.9",445,26,11,15,"10.84.42.134"
"1495349209.000",7501,2353,5148,"10.11.168.9",445,26,11,15,"10.84.42.134"
"1495340209.000",7501,2353,5148,"10.11.168.9",445,26,11,15,"10.84.42.134"
"1495328508.000",7501,2353,5148,"10.11.168.9",445,26,11,15,"10.84.42.134"
"1495327037.000",14100,4739,9361,"10.11.168.9",445,51,22,29,"10.84.42.134"
"1495369910.000",7565,2353,5212,"10.11.168.9",445,27,11,16,"10.84.42.134"
"1495368110.000",7501,2353,5148,"10.11.168.9",445,26,11,15,"10.84.42.134"
"1495366310.000",7565,2417,5148,"10.11.168.9",445,27,12,15,"10.84.42.134"
"1495365410.000",7501,2353,5148,"10.11.168.9",445,26,11,15,"10.84.42.134"
"1495362710.000",7945,2727,5218,"10.11.168.9",445,29,13,16,"10.84.42.134"
"1495358209.000",7501,2353,5148,"10.11.168.9",445,26,11,15,"10.84.42.134"
"1495354609.000",7501,2353,5148,"10.11.168.9",445,26,11,15,"10.84.42.134"
"1495342909.000",7565,2417,5148,"10.11.168.9",445,27,12,15,"10.84.42.134"
"1495338409.000",7501,2353,5148,"10.11.168.9",445,26,11,15,"10.84.42.134"
"1495333398.000",14100,4739,9361,"10.11.168.9",445,51,22,29,"10.84.42.134"
"1495326708.000",7501,2353,5148,"10.11.168.9",445,26,11,15,"10.84.42.134"
"1495319508.000",7501,2353,5148,"10.11.168.9",445,26,11,15,"10.84.42.134"
"1495315873.000",14164,4739,9425,"10.11.168.9",445,52,22,30,"10.84.42.134"
"1495369010.000",7881,2663,5218,"10.11.168.9",445,28,12,16,"10.84.42.134"
"1495364510.000",7501,2353,5148,"10.11.168.9",445,26,11,15,"10.84.42.134"
"1495360009.000",7501,2353,5148,"10.11.168.9",445,26,11,15,"10.84.42.134"
"1495353742.000",14228,4803,9425,"10.11.168.9",445,53,23,30,"10.84.42.134"
"1495353709.000",7565,2417,5148,"10.11.168.9",445,27,12,15,"10.84.42.134"
"1495343809.000",7501,2353,5148,"10.11.168.9",445,26,11,15,"10.84.42.134"
"1495331208.000",7501,2353,5148,"10.11.168.9",445,26,11,15,"10.84.42.134"
"1495325808.000",7501,2353,5148,"10.11.168.9",445,26,11,15,"10.84.42.134"
"1495345609.000",7501,2353,5148,"10.11.168.9",445,26,11,15,"10.84.42.134"
"1495327608.000",7501,2353,5148,"10.11.168.9",445,26,11,15,"10.84.42.134"
"1495359109.000",7565,2417,5148,"10.11.168.9",445,27,12,15,"10.84.42.134"
"1495321308.000",7565,2417,5148,"10.11.168.9",445,27,12,15,"10.84.42.134"
"1495337509.000",7881,2663,5218,"10.11.168.9",445,28,12,16,"10.84.42.134"
"1495336609.000",7501,2353,5148,"10.11.168.9",445,26,11,15,"10.84.42.134"
"1495333008.000",7501,2353,5148,"10.11.168.9",445,26,11,15,"10.84.42.134"
"1495315908.000",7501,2353,5148,"10.11.168.9",445,26,11,15,"10.84.42.134"
"1495322208.000",7501,2353,5148,"10.11.168.9",445,26,11,15,"10.84.42.134"
"1495321455.000",14100,4739,9361,"10.11.168.9",445,51,22,29,"10.84.42.134"
"1495320408.000",7501,2353,5148,"10.11.168.9",445,26,11,15,"10.84.42.134"
"1495317707.000",7501,2353,5148,"10.11.168.9",445,26,11,15,"10.84.42.134"
"1495315007.000",7501,2353,5148,"10.11.168.9",445,26,11,15,"10.84.42.134"
"1495024087.000",14100,4739,9361,"10.11.168.10",445,51,22,29,"10.84.42.134"
"1495020695.000",7565,2417,5148,"10.11.168.10",445,27,12,15,"10.84.42.134"
"1495016194.000",7501,2353,5148,"10.11.168.10",445,26,11,15,"10.84.42.134"
"1495009895.000",7501,2353,5148,"10.11.168.9",445,26,11,15,"10.84.42.134"
"1495000500.000",22017,9603,12414,"10.11.168.9",445,75,34,41,"10.84.42.134"
"1494992794.000",7565,2353,5212,"10.11.168.9",445,27,11,16,"10.84.42.134"
"1494989193.000",7565,2417,5148,"10.11.168.9",445,27,12,15,"10.84.42.134"
"1494976556.000",14100,4739,9361,"10.11.168.9",445,51,22,29,"10.84.42.134"
"1494973893.000",7501,2353,5148,"10.11.168.9",445,26,11,15,"10.84.42.134"
"1494970293.000",7565,2417,5148,"10.11.168.9",445,27,12,15,"10.84.42.134"
"1494966693.000",7501,2353,5148,"10.11.168.10",445,26,11,15,"10.84.42.134"
"1495313207.000",7501,2353,5148,"10.11.168.9",445,26,11,15,"10.84.42.134"
"1495304206.000",7501,2353,5148,"10.11.168.9",445,26,11,15,"10.84.42.134"
"1495303306.000",7565,2417,5148,"10.11.168.9",445,27,12,15,"10.84.42.134"
"1495301507.000",7629,2417,5212,"10.11.168.9",445,28,12,16,"10.84.42.134"
"1495288006.000",7501,2353,5148,"10.11.168.9",445,26,11,15,"10.84.42.134"
"1495285566.000",14228,4803,9425,"10.11.168.9",445,53,23,30,"10.84.42.134"
"1495285306.000",7565,2417,5148,"10.11.168.9",445,27,12,15,"10.84.42.134"
"1495311407.000",7501,2353,5148,"10.11.168.9",445,26,11,15,"10.84.42.134"
"1495314108.000",7501,2353,5148,"10.11.168.9",445,26,11,15,"10.84.42.134"
"1495312308.000",7565,2417,5148,"10.11.168.9",445,27,12,15,"10.84.42.134"
"1495310507.000",7501,2353,5148,"10.11.168.9",445,26,11,15,"10.84.42.134"
"1495302406.000",7501,2353,5148,"10.11.168.9",445,26,11,15,"10.84.42.134"
"1495297906.000",7565,2417,5148,"10.11.168.9",445,27,12,15,"10.84.42.134"
"1495296107.000",7565,2417,5148,"10.11.168.9",445,27,12,15,"10.84.42.134"
"1495286205.000",7501,2353,5148,"10.11.168.9",445,26,11,15,"10.84.42.134"
"1495308791.000",21489,9087,12402,"10.11.168.9",445,73,32,41,"10.84.42.134"
"1495308706.000",7565,2417,5148,"10.11.168.9",445,27,12,15,"10.84.42.134"
"1495309607.000",7501,2353,5148,"10.11.168.9",445,26,11,15,"10.84.42.134"
"1495305107.000",7565,2417,5148,"10.11.168.9",445,27,12,15,"10.84.42.134"
"1495300606.000",7565,2353,5212,"10.11.168.9",445,27,11,16,"10.84.42.134"
"1495298807.000",7565,2417,5148,"10.11.168.9",445,27,12,15,"10.84.42.134"
"1495291606.000",7565,2417,5148,"10.11.168.9",445,27,12,15,"10.84.42.134"
"1495297869.000",14100,4739,9361,"10.11.168.9",445,51,22,29,"10.84.42.134"
"1495275406.000",7501,2353,5148,"10.11.168.9",445,26,11,15,"10.84.42.134"
"1495303330.000",14228,4803,9425,"10.11.168.9",445,53,23,30,"10.84.42.134"
"1495299707.000",7565,2417,5148,"10.11.168.9",445,27,12,15,"10.84.42.134"
"1495292507.000",7501,2353,5148,"10.11.168.9",445,26,11,15,"10.84.42.134"
"1495294306.000",7501,2353,5148,"10.11.168.9",445,26,11,15,"10.84.42.134"
"1495266405.000",7565,2353,5212,"10.11.168.10",445,27,11,16,"10.84.42.134"
"1495258305.000",7501,2353,5148,"10.11.168.10",445,26,11,15,"10.84.42.134"
"1495228604.000",7501,2353,5148,"10.11.168.10",445,26,11,15,"10.84.42.134"
"1495223203.000",7501,2353,5148,"10.11.168.10",445,26,11,15,"10.84.42.134"
"1495221404.000",7769,2551,5218,"10.11.168.10",445,28,12,16,"10.84.42.134"
"1495220504.000",7501,2353,5148,"10.11.168.10",445,26,11,15,"10.84.42.134"
"1495213303.000",7501,2353,5148,"10.11.168.10",445,26,11,15,"10.84.42.134"
"1495210969.000",14440,5009,9431,"10.11.168.10",445,54,24,30,"10.84.42.134"
"1495203403.000",7565,2417,5148,"10.11.168.10",445,27,12,15,"10.84.42.134"
"1495284406.000",7501,2353,5148,"10.11.168.9",445,26,11,15,"10.84.42.134"
"1495280806.000",7501,2353,5148,"10.11.168.9",445,26,11,15,"10.84.42.134"
"1495263704.000",7501,2353,5148,"10.11.168.10",445,26,11,15,"10.84.42.134"
"1495252005.000",7501,2353,5148,"10.11.168.10",445,26,11,15,"10.84.42.134"
"1495250205.000",7501,2353,5148,"10.11.168.10",445,26,11,15,"10.84.42.134"
"1495307807.000",7501,2353,5148,"10.11.168.9",445,26,11,15,"10.84.42.134"
"1495306906.000",7501,2353,5148,"10.11.168.9",445,26,11,15,"10.84.42.134"
"1495295207.000",7565,2353,5212,"10.11.168.9",445,27,11,16,"10.84.42.134"
"1495293406.000",7501,2353,5148,"10.11.168.9",445,26,11,15,"10.84.42.134"
"1495290706.000",7501,2353,5148,"10.11.168.9",445,26,11,15,"10.84.42.134"
"1495306007.000",7501,2353,5148,"10.11.168.9",445,26,11,15,"10.84.42.134"
"1495297007.000",7501,2353,5148,"10.11.168.9",445,26,11,15,"10.84.42.134"
"1495289806.000",7501,2353,5148,"10.11.168.9",445,26,11,15,"10.84.42.134"
"1495276306.000",7501,2353,5148,"10.11.168.9",445,26,11,15,"10.84.42.134"
"1495252904.000",7501,2353,5148,"10.11.168.10",445,26,11,15,"10.84.42.134"
"1495246605.000",7501,2353,5148,"10.11.168.10",445,26,11,15,"10.84.42.134"
"1495244805.000",7501,2353,5148,"10.11.168.10",445,26,11,15,"10.84.42.134"
"1495292468.000",14440,5009,9431,"10.11.168.9",445,54,24,30,"10.84.42.134"
"1495279564.000",14292,4803,9489,"10.11.168.9",445,54,23,31,"10.84.42.134"
"1495270006.000",7565,2417,5148,"10.11.168.10",445,27,12,15,"10.84.42.134"
"1495260121.000",19888,6076,13812,"10.11.168.10",445,67,29,38,"10.84.42.134"
"1495288906.000",7565,2417,5148,"10.11.168.9",445,27,12,15,"10.84.42.134"
"1495287106.000",7565,2417,5148,"10.11.168.9",445,27,12,15,"10.84.42.134"
"1495279006.000",7501,2353,5148,"10.11.168.9",445,26,11,15,"10.84.42.134"
"1495268206.000",7501,2353,5148,"10.11.168.10",445,26,11,15,"10.84.42.134"
"1495261004.000",7501,2353,5148,"10.11.168.10",445,26,11,15,"10.84.42.134"
"1495253759.000",14676,4809,9867,"10.11.168.10",445,53,23,30,"10.84.42.134"
"1495249305.000",7890,2672,5218,"10.11.168.10",445,28,12,16,"10.84.42.134"
"1495247505.000",7501,2353,5148,"10.11.168.10",445,26,11,15,"10.84.42.134"
"1495134101.000",7777,2559,5218,"10.11.168.9",445,29,13,16,"10.84.42.134"
"1495118799.000",7501,2353,5148,"10.11.168.9",445,26,11,15,"10.84.42.134"
"1495116100.000",7565,2417,5148,"10.11.168.9",445,27,12,15,"10.84.42.134"
"1495114299.000",7565,2417,5148,"10.11.168.9",445,27,12,15,"10.84.42.134"
"1495110699.000",7565,2417,5148,"10.11.168.9",445,27,12,15,"10.84.42.134"
"1495098999.000",7565,2353,5212,"10.11.168.9",445,27,11,16,"10.84.42.134"
"1495084598.000",7501,2353,5148,"10.11.168.10",445,26,11,15,"10.84.42.134"
"1495077398.000",7501,2353,5148,"10.11.168.10",445,26,11,15,"10.84.42.134"
"1495072897.000",7565,2417,5148,"10.11.168.10",445,27,12,15,"10.84.42.134"
"1495048752.000",14228,4803,9425,"10.11.168.10",445,53,23,30,"10.84.42.134"
"1495044996.000",7501,2353,5148,"10.11.168.10",445,26,11,15,"10.84.42.134"
"1495283506.000",7501,2353,5148,"10.11.168.9",445,26,11,15,"10.84.42.134"
"1495282606.000",7501,2353,5148,"10.11.168.9",445,26,11,15,"10.84.42.134"
"1495065697.000",7565,2417,5148,"10.11.168.10",445,27,12,15,"10.84.42.134"
"1495057597.000",7501,2353,5148,"10.11.168.10",445,26,11,15,"10.84.42.134"
"1495056697.000",7565,2417,5148,"10.11.168.10",445,27,12,15,"10.84.42.134"
"1494762796.000",7501,2353,5148,"10.11.168.10",445,26,11,15,"10.84.42.134"
"1494758942.000",14228,4803,9425,"10.11.168.9",445,53,23,30,"10.84.42.134"
"1494752698.000",21617,9151,12466,"10.11.168.9",445,75,33,42,"10.84.42.134"
"1494746595.000",7501,2353,5148,"10.11.168.9",445,26,11,15,"10.84.42.134"
"1494740295.000",7501,2353,5148,"10.11.168.9",445,26,11,15,"10.84.42.134"
"1494736695.000",7501,2353,5148,"10.11.168.9",445,26,11,15,"10.84.42.134"
"1494728595.000",7565,2417,5148,"10.11.168.9",445,27,12,15,"10.84.42.134"
"1495279905.000",7501,2353,5148,"10.11.168.9",445,26,11,15,"10.84.42.134"
"1495277205.000",7501,2353,5148,"10.11.168.9",445,26,11,15,"10.84.42.134"
"1495265505.000",7565,2417,5148,"10.11.168.10",445,27,12,15,"10.84.42.134"
"1495209702.000",7501,2353,5148,"10.11.168.10",445,26,11,15,"10.84.42.134"
"1495208803.000",7565,2417,5148,"10.11.168.10",445,27,12,15,"10.84.42.134"
"1495199803.000",7501,2353,5148,"10.11.168.10",445,26,11,15,"10.84.42.134"
"1495185402.000",7501,2353,5148,"10.11.168.9",445,26,11,15,"10.84.42.134"
"1495273606.000",7501,2353,5148,"10.11.168.10",445,26,11,15,"10.84.42.134"
"1495269105.000",7501,2353,5148,"10.11.168.10",445,26,11,15,"10.84.42.134"
"1495264605.000",7501,2353,5148,"10.11.168.10",445,26,11,15,"10.84.42.134"
"1495262805.000",7501,2353,5148,"10.11.168.10",445,26,11,15,"10.84.42.134"
"1495255604.000",7501,2353,5148,"10.11.168.10",445,26,11,15,"10.84.42.134"
"1495254705.000",7501,2353,5148,"10.11.168.10",445,26,11,15,"10.84.42.134"
"1495253805.000",7501,2353,5148,"10.11.168.10",445,26,11,15,"10.84.42.134"
"1495243905.000",7565,2417,5148,"10.11.168.10",445,27,12,15,"10.84.42.134"
"1495242105.000",7501,2353,5148,"10.11.168.10",445,26,11,15,"10.84.42.134"
"1495241396.000",14292,4803,9489,"10.11.168.10",445,54,23,31,"10.84.42.134"
"1495238505.000",7501,2353,5148,"10.11.168.10",445,26,11,15,"10.84.42.134"
"1495236704.000",7565,2417,5148,"10.11.168.10",445,27,12,15,"10.84.42.134"
"1495231304.000",7501,2353,5148,"10.11.168.10",445,26,11,15,"10.84.42.134"
"1495278107.000",7565,2417,5148,"10.11.168.9",445,27,12,15,"10.84.42.134"
"1495274506.000",7565,2417,5148,"10.11.168.10",445,27,12,15,"10.84.42.134"
"1495272727.000",20016,6140,13876,"10.11.168.10",445,69,30,39,"10.84.42.134"
"1495271805.000",7881,2663,5218,"10.11.168.10",445,28,12,16,"10.84.42.134"
"1495270906.000",7565,2417,5148,"10.11.168.10",445,27,12,15,"10.84.42.134"
"1495267305.000",7501,2353,5148,"10.11.168.10",445,26,11,15,"10.84.42.134"
"1495259205.000",7501,2353,5148,"10.11.168.10",445,26,11,15,"10.84.42.134"
"1495256505.000",7565,2417,5148,"10.11.168.10",445,27,12,15,"10.84.42.134"
"1495248404.000",7501,2353,5148,"10.11.168.10",445,26,11,15,"10.84.42.134"
"1495247457.000",21553,9151,12402,"10.11.168.10",445,74,33,41,"10.84.42.134"
"1495245704.000",7501,2353,5148,"10.11.168.10",445,26,11,15,"10.84.42.134"
"1495243005.000",7501,2353,5148,"10.11.168.10",445,26,11,15,"10.84.42.134"
"1495241205.000",7501,2353,5148,"10.11.168.10",445,26,11,15,"10.84.42.134"
"1495235804.000",7501,2353,5148,"10.11.168.10",445,26,11,15,"10.84.42.134"
"1495234903.000",7565,2417,5148,"10.11.168.10",445,27,12,15,"10.84.42.134"
"1495233104.000",7565,2353,5212,"10.11.168.10",445,27,11,16,"10.84.42.134"
"1495230403.000",7779,2423,5356,"10.11.168.10",445,28,12,16,"10.84.42.134"
"1495226804.000",7501,2353,5148,"10.11.168.10",445,26,11,15,"10.84.42.134"
"1495265943.000",14228,4803,9425,"10.11.168.10",445,53,23,30,"10.84.42.134"
"1495257405.000",7501,2353,5148,"10.11.168.10",445,26,11,15,"10.84.42.134"
"1495251105.000",7565,2417,5148,"10.11.168.10",445,27,12,15,"10.84.42.134"
"1495237604.000",7501,2353,5148,"10.11.168.10",445,26,11,15,"10.84.42.134"
"1494734896.000",7501,2353,5148,"10.11.168.9",445,26,11,15,"10.84.42.134"
"1494731295.000",7501,2353,5148,"10.11.168.9",445,26,11,15,"10.84.42.134"
"1494460383.000",8137,2743,5394,"10.11.168.10",445,30,13,17,"10.84.42.134"
"1494458583.000",8073,2679,5394,"10.11.168.10",445,29,12,17,"10.84.42.134"
"1494452283.000",7565,2417,5148,"10.11.168.9",445,27,12,15,"10.84.42.134"
"1494442382.000",7565,2417,5148,"10.11.168.9",445,27,12,15,"10.84.42.134"
"1494439682.000",7501,2353,5148,"10.11.168.9",445,26,11,15,"10.84.42.134"
"1494436082.000",7501,2353,5148,"10.11.168.9",445,26,11,15,"10.84.42.134"
"1494434792.000",2004,1158,846,"10.83.29.103",445,15,6,9,"10.83.84.244"
"1494434792.000",352,212,140,"10.83.134.91",445,6,3,3,"10.83.84.244"
"1494434792.000",1987,1141,846,"10.83.134.91",445,15,6,9,"10.83.84.244"
"1494434792.000",282,142,140,"10.83.29.103",445,5,2,3,"10.83.84.244"
"1494434782.000",82,0,82,"136.98.40.1",445,1,0,1,"10.83.84.244"
"1495240305.000",7565,2417,5148,"10.11.168.10",445,27,12,15,"10.84.42.134"
"1495234555.000",14712,5217,9495,"10.11.168.10",445,55,24,31,"10.84.42.134"
"1495232204.000",7565,2353,5212,"10.11.168.10",445,27,11,16,"10.84.42.134"
"1495229504.000",7565,2417,5148,"10.11.168.10",445,27,12,15,"10.84.42.134"
"1495228913.000",14100,4739,9361,"10.11.168.10",445,51,22,29,"10.84.42.134"
"1495198003.000",7565,2353,5212,"10.11.168.10",445,27,11,16,"10.84.42.134"
"1495192366.000",14676,4809,9867,"10.11.168.10",445,53,23,30,"10.84.42.134"
"1495234003.000",7501,2353,5148,"10.11.168.10",445,26,11,15,"10.84.42.134"
"1495216904.000",7565,2417,5148,"10.11.168.10",445,27,12,15,"10.84.42.134"
"1495207002.000",7501,2353,5148,"10.11.168.10",445,26,11,15,"10.84.42.134"
"1495061197.000",7565,2353,5212,"10.11.168.10",445,27,11,16,"10.84.42.134"
"1495055797.000",7501,2353,5148,"10.11.168.10",445,26,11,15,"10.84.42.134"
"1495055654.000",14480,5049,9431,"10.11.168.10",445,53,23,30,"10.84.42.134"
"1495225904.000",7565,2417,5148,"10.11.168.10",445,27,12,15,"10.84.42.134"
"1495196203.000",7501,2353,5148,"10.11.168.10",445,26,11,15,"10.84.42.134"
"1495193503.000",7565,2417,5148,"10.11.168.10",445,27,12,15,"10.84.42.134"
"1495187201.000",7565,2353,5212,"10.11.168.10",445,27,11,16,"10.84.42.134"
"1495186301.000",7501,2353,5148,"10.11.168.9",445,26,11,15,"10.84.42.134"
"1495182702.000",7565,2417,5148,"10.11.168.9",445,27,12,15,"10.84.42.134"
"1495178201.000",7501,2353,5148,"10.11.168.9",445,26,11,15,"10.84.42.134"
"1495173702.000",7501,2353,5148,"10.11.168.9",445,26,11,15,"10.84.42.134"
"1495172801.000",7501,2353,5148,"10.11.168.9",445,26,11,15,"10.84.42.134"
"1495222671.000",14440,5009,9431,"10.11.168.10",445,54,24,30,"10.84.42.134"
"1495222304.000",7565,2417,5148,"10.11.168.10",445,27,12,15,"10.84.42.134"
"1495216004.000",7501,2353,5148,"10.11.168.10",445,26,11,15,"10.84.42.134"
"1495204302.000",7565,2417,5148,"10.11.168.10",445,27,12,15,"10.84.42.134"
"1495202502.000",7565,2417,5148,"10.11.168.10",445,27,12,15,"10.84.42.134"
"1495201603.000",7501,2353,5148,"10.11.168.10",445,26,11,15,"10.84.42.134"
"1495184501.000",7501,2353,5148,"10.11.168.9",445,26,11,15,"10.84.42.134"
"1495180781.000",14164,4739,9425,"10.11.168.9",445,52,22,30,"10.84.42.134"
"1495180001.000",7501,2353,5148,"10.11.168.9",445,26,11,15,"10.84.42.134"
"1495219604.000",7501,2353,5148,"10.11.168.10",445,26,11,15,"10.84.42.134"
"1495217804.000",7565,2417,5148,"10.11.168.10",445,27,12,15,"10.84.42.134"
"1495217271.000",14228,4803,9425,"10.11.168.10",445,53,23,30,"10.84.42.134"
"1495215104.000",7945,2727,5218,"10.11.168.10",445,29,13,16,"10.84.42.134"
"1495211503.000",7501,2353,5148,"10.11.168.10",445,26,11,15,"10.84.42.134"
"1495210603.000",7501,2353,5148,"10.11.168.10",445,26,11,15,"10.84.42.134"
"1495066597.000",7501,2353,5148,"10.11.168.10",445,26,11,15,"10.84.42.134"
"1495053097.000",7501,2353,5148,"10.11.168.10",445,26,11,15,"10.84.42.134"
"1495045897.000",7565,2417,5148,"10.11.168.10",445,27,12,15,"10.84.42.134"
"1495043196.000",7501,2353,5148,"10.11.168.10",445,26,11,15,"10.84.42.134"
"1495041851.000",14376,4945,9431,"10.11.168.10",445,53,23,30,"10.84.42.134"
"1495218704.000",7501,2353,5148,"10.11.168.10",445,26,11,15,"10.84.42.134"
"1495207903.000",7501,2353,5148,"10.11.168.10",445,26,11,15,"10.84.42.134"
"1495200703.000",7565,2417,5148,"10.11.168.10",445,27,12,15,"10.84.42.134"
"1495198126.000",14228,4803,9425,"10.11.168.10",445,53,23,30,"10.84.42.134"
"1495195303.000",7565,2417,5148,"10.11.168.10",445,27,12,15,"10.84.42.134"
"1495194403.000",7500,2353,5147,"10.11.168.10",445,26,11,15,"10.84.42.134"
"1495192602.000",7501,2353,5148,"10.11.168.10",445,26,11,15,"10.84.42.134"
"1495190803.000",7501,2353,5148,"10.11.168.10",445,26,11,15,"10.84.42.134"
"1495186663.000",22729,9815,12914,"10.11.168.10",445,77,35,42,"10.84.42.134"
"1495180902.000",7565,2417,5148,"10.11.168.9",445,27,12,15,"10.84.42.134"
"1495148501.000",7565,2417,5148,"10.11.168.9",445,27,12,15,"10.84.42.134"
"1495146701.000",7833,2615,5218,"10.11.168.9",445,29,13,16,"10.84.42.134"
"1495142201.000",7501,2353,5148,"10.11.168.9",445,26,11,15,"10.84.42.134"
"1495122399.000",7501,2353,5148,"10.11.168.9",445,26,11,15,"10.84.42.134"
"1495119699.000",7565,2417,5148,"10.11.168.9",445,27,12,15,"10.84.42.134"
"1494125996.000",14376,4945,9431,"10.11.168.10",445,53,23,30,"10.84.42.134"
"1494109754.000",7501,2353,5148,"10.11.168.10",445,26,11,15,"10.84.42.134"
"1494102554.000",7501,2353,5148,"10.11.168.10",445,26,11,15,"10.84.42.134"
"1494101932.000",14100,4739,9361,"10.11.168.10",445,51,22,29,"10.84.42.134"
"1495181802.000",7501,2353,5148,"10.11.168.9",445,26,11,15,"10.84.42.134"
"1495131399.000",7501,2353,5148,"10.11.168.9",445,26,11,15,"10.84.42.134"
"1495104398.000",7501,2353,5148,"10.11.168.9",445,26,11,15,"10.84.42.134"
"1495081897.000",7565,2417,5148,"10.11.168.10",445,27,12,15,"10.84.42.134"
"1495080097.000",7565,2417,5148,"10.11.168.10",445,27,12,15,"10.84.42.134"
"1495071997.000",7501,2353,5148,"10.11.168.10",445,26,11,15,"10.84.42.134"
"1495070198.000",7501,2353,5148,"10.11.168.10",445,26,11,15,"10.84.42.134"
"1495054897.000",7564,2416,5148,"10.11.168.10",445,27,12,15,"10.84.42.134"
"1495052197.000",7501,2353,5148,"10.11.168.10",445,26,11,15,"10.84.42.134"
"1495179102.000",7881,2663,5218,"10.11.168.9",445,28,12,16,"10.84.42.134"
"1495174601.000",7501,2353,5148,"10.11.168.9",445,26,11,15,"10.84.42.134"
"1495064797.000",7501,2353,5148,"10.11.168.10",445,26,11,15,"10.84.42.134"
"1495063897.000",7501,2353,5148,"10.11.168.10",445,26,11,15,"10.84.42.134"
"1495062997.000",7501,2353,5148,"10.11.168.10",445,26,11,15,"10.84.42.134"
"1495062096.000",7501,2353,5148,"10.11.168.10",445,26,11,15,"10.84.42.134"
"1495061655.000",21617,9215,12402,"10.11.168.10",445,75,34,41,"10.84.42.134"
"1495170102.000",7501,2353,5148,"10.11.168.9",445,26,11,15,"10.84.42.134"
"1495149401.000",7501,2353,5148,"10.11.168.9",445,26,11,15,"10.84.42.134"
"1495143101.000",7565,2417,5148,"10.11.168.9",445,27,12,15,"10.84.42.134"
"1495140400.000",7501,2353,5148,"10.11.168.9",445,26,11,15,"10.84.42.134"
"1495139501.000",7501,2353,5148,"10.11.168.9",445,26,11,15,"10.84.42.134"
"1495138601.000",7501,2353,5148,"10.11.168.9",445,26,11,15,"10.84.42.134"
"1495135901.000",7945,2727,5218,"10.11.168.9",445,29,13,16,"10.84.42.134"
"1495115200.000",7501,2353,5148,"10.11.168.9",445,26,11,15,"10.84.42.134"
"1495105180.000",62,0,62,"10.77.180.98",445,1,0,1,"10.84.42.231"
"1495103498.000",7501,2353,5148,"10.11.168.9",445,26,11,15,"10.84.42.134"
"1495094499.000",7565,2417,5148,"10.11.168.10",445,27,12,15,"10.84.42.134"
"1495087401.000",14228,4803,9425,"10.11.168.10",445,53,23,30,"10.84.42.134"
"1495080740.000",14100,4739,9361,"10.11.168.10",445,51,22,29,"10.84.42.134"
"1495151201.000",7501,2353,5148,"10.11.168.9",445,26,11,15,"10.84.42.134"
"1495148075.000",14228,4803,9425,"10.11.168.9",445,53,23,30,"10.84.42.134"
"1495145800.000",7501,2353,5148,"10.11.168.9",445,26,11,15,"10.84.42.134"
"1495136493.000",14382,4809,9573,"10.11.168.9",445,53,23,30,"10.84.42.134"
"1495134999.000",7501,2353,5148,"10.11.168.9",445,26,11,15,"10.84.42.134"
"1495132300.000",7565,2417,5148,"10.11.168.9",445,27,12,15,"10.84.42.134"
"1495130792.000",14228,4803,9425,"10.11.168.9",445,53,23,30,"10.84.42.134"
"1495121500.000",7501,2353,5148,"10.11.168.9",445,26,11,15,"10.84.42.134"
"1495117900.000",7565,2417,5148,"10.11.168.9",445,27,12,15,"10.84.42.134"
"1495106198.000",7501,2353,5148,"10.11.168.9",445,26,11,15,"10.84.42.134"
"1495105174.000",132,0,132,"10.77.180.98",445,2,0,2,"10.84.42.231"
"1495098099.000",7565,2417,5148,"10.11.168.10",445,27,12,15,"10.84.42.134"
"1495093599.000",7501,2353,5148,"10.11.168.10",445,26,11,15,"10.84.42.134"
"1495167401.000",7501,2353,5148,"10.11.168.9",445,26,11,15,"10.84.42.134"
"1495165602.000",7501,2353,5148,"10.11.168.9",445,26,11,15,"10.84.42.134"
"1495164702.000",7565,2417,5148,"10.11.168.9",445,27,12,15,"10.84.42.134"
"1495163802.000",7565,2353,5212,"10.11.168.9",445,27,11,16,"10.84.42.134"
"1495162901.000",7565,2417,5148,"10.11.168.9",445,27,12,15,"10.84.42.134"
"1495162000.000",7565,2417,5148,"10.11.168.9",445,27,12,15,"10.84.42.134"
"1495161102.000",20016,6076,13940,"10.11.168.9",445,69,29,40,"10.84.42.134"
"1495160200.000",7501,2353,5148,"10.11.168.9",445,26,11,15,"10.84.42.134"
"1495159300.000",7501,2353,5148,"10.11.168.9",445,26,11,15,"10.84.42.134"
"1495158401.000",7501,2353,5148,"10.11.168.9",445,26,11,15,"10.84.42.134"
"1495157500.000",7501,2353,5148,"10.11.168.9",445,26,11,15,"10.84.42.134"
"1495156600.000",7881,2663,5218,"10.11.168.9",445,28,12,16,"10.84.42.134"
"1495155701.000",7945,2727,5218,"10.11.168.9",445,29,13,16,"10.84.42.134"
"1495154977.000",14228,4803,9425,"10.11.168.9",445,53,23,30,"10.84.42.134"
"1495154801.000",7501,2353,5148,"10.11.168.9",445,26,11,15,"10.84.42.134"
"1495144901.000",7829,2487,5342,"10.11.168.9",445,30,13,17,"10.84.42.134"
"1495144001.000",7501,2353,5148,"10.11.168.9",445,26,11,15,"10.84.42.134"
"1495142254.000",14100,4739,9361,"10.11.168.9",445,51,22,29,"10.84.42.134"
"1495133199.000",7565,2353,5212,"10.11.168.9",445,27,11,16,"10.84.42.134"
"1495126899.000",7565,2417,5148,"10.11.168.9",445,27,12,15,"10.84.42.134"
"1495124309.000",22124,9476,12648,"10.11.168.9",445,77,34,43,"10.84.42.134"
"1495123299.000",7565,2417,5148,"10.11.168.9",445,27,12,15,"10.84.42.134"
"1495109799.000",7501,2353,5148,"10.11.168.9",445,26,11,15,"10.84.42.134"
"1495106605.000",14228,4803,9425,"10.11.168.9",445,53,23,30,"10.84.42.134"
"1495105299.000",7565,2417,5148,"10.11.168.9",445,27,12,15,"10.84.42.134"
"1495101699.000",7565,2417,5148,"10.11.168.9",445,27,12,15,"10.84.42.134"
"1495089998.000",7501,2353,5148,"10.11.168.10",445,26,11,15,"10.84.42.134"
"1495087298.000",7501,2353,5148,"10.11.168.10",445,26,11,15,"10.84.42.134"
"1495080998.000",7501,2353,5148,"10.11.168.10",445,26,11,15,"10.84.42.134"
"1495078298.000",7565,2417,5148,"10.11.168.10",445,27,12,15,"10.84.42.134"
"1495075598.000",7501,2353,5148,"10.11.168.10",445,26,11,15,"10.84.42.134"
"1495069298.000",7565,2417,5148,"10.11.168.10",445,27,12,15,"10.84.42.134"
"1495068738.000",14228,4803,9425,"10.11.168.10",445,53,23,30,"10.84.42.134"
"1495067497.000",7501,2353,5148,"10.11.168.10",445,26,11,15,"10.84.42.134"
"1495060297.000",7565,2417,5148,"10.11.168.10",445,27,12,15,"10.84.42.134"
"1495116999.000",7501,2353,5148,"10.11.168.9",445,26,11,15,"10.84.42.134"
"1495112187.000",14100,4739,9361,"10.11.168.9",445,51,22,29,"10.84.42.134"
"1495107099.000",7565,2417,5148,"10.11.168.9",445,27,12,15,"10.84.42.134"
"1495090898.000",7501,2353,5148,"10.11.168.10",445,26,11,15,"10.84.42.134"
"1495088198.000",7501,2353,5148,"10.11.168.10",445,26,11,15,"10.84.42.134"
"1495086398.000",7501,2353,5148,"10.11.168.10",445,26,11,15,"10.84.42.134"
"1494754869.000",14100,4739,9361,"10.11.168.9",445,51,22,29,"10.84.42.134"
"1494750196.000",7565,2417,5148,"10.11.168.9",445,27,12,15,"10.84.42.134"
"1494745695.000",7501,2353,5148,"10.11.168.9",445,26,11,15,"10.84.42.134"
"1494730395.000",7501,2353,5148,"10.11.168.9",445,26,11,15,"10.84.42.134"
"1494727695.000",7501,2353,5148,"10.11.168.9",445,26,11,15,"10.84.42.134"
"1494726795.000",7565,2417,5148,"10.11.168.9",445,27,12,15,"10.84.42.134"
"1494721394.000",7565,2417,5148,"10.11.168.9",445,27,12,15,"10.84.42.134"
"1495111600.000",7501,2353,5148,"10.11.168.9",445,26,11,15,"10.84.42.134"
"1495100799.000",7501,2353,5148,"10.11.168.9",445,26,11,15,"10.84.42.134"
"1495099899.000",7501,2353,5148,"10.11.168.9",445,26,11,15,"10.84.42.134"
"1495099884.000",14164,4739,9425,"10.11.168.9",445,52,22,30,"10.84.42.134"
"1495095399.000",8270,2982,5288,"10.11.168.10",445,30,13,17,"10.84.42.134"
"1495091798.000",7501,2353,5148,"10.11.168.10",445,26,11,15,"10.84.42.134"
"1495053996.000",7501,2353,5148,"10.11.168.10",445,26,11,15,"10.84.42.134"
"1495041395.000",7501,2353,5148,"10.11.168.10",445,26,11,15,"10.84.42.134"
"1495038695.000",7501,2353,5148,"10.11.168.10",445,26,11,15,"10.84.42.134"
"1495034196.000",7501,2353,5148,"10.11.168.10",445,26,11,15,"10.84.42.134"
"1495032396.000",7501,2353,5148,"10.11.168.10",445,26,11,15,"10.84.42.134"
"1495026996.000",7565,2353,5212,"10.11.168.10",445,27,11,16,"10.84.42.134"
"1495017995.000",7501,2353,5148,"10.11.168.10",445,26,11,15,"10.84.42.134"
"1495015294.000",7565,2417,5148,"10.11.168.10",445,27,12,15,"10.84.42.134"
"1495014395.000",7501,2353,5148,"10.11.168.10",445,26,11,15,"10.84.42.134"
"1495010795.000",7565,2417,5148,"10.11.168.9",445,27,12,15,"10.84.42.134"
"1495003595.000",7565,2417,5148,"10.11.168.9",445,27,12,15,"10.84.42.134"
"1494991893.000",7501,2353,5148,"10.11.168.9",445,26,11,15,"10.84.42.134"
"1495083698.000",7501,2353,5148,"10.11.168.10",445,26,11,15,"10.84.42.134"
"1495074697.000",7501,2353,5148,"10.11.168.10",445,26,11,15,"10.84.42.134"
"1495051297.000",7565,2417,5148,"10.11.168.10",445,27,12,15,"10.84.42.134"
"1495050397.000",7565,2417,5148,"10.11.168.10",445,27,12,15,"10.84.42.134"
"1495049496.000",7501,2353,5148,"10.11.168.10",445,26,11,15,"10.84.42.134"
"1495048596.000",7501,2353,5148,"10.11.168.10",445,26,11,15,"10.84.42.134"
"1495047697.000",7565,2417,5148,"10.11.168.10",445,27,12,15,"10.84.42.134"
"1495046797.000",7501,2353,5148,"10.11.168.10",445,26,11,15,"10.84.42.134"
"1495074139.000",14228,4803,9425,"10.11.168.10",445,53,23,30,"10.84.42.134"
"1495073798.000",7501,2353,5148,"10.11.168.10",445,26,11,15,"10.84.42.134"
"1495071098.000",7501,2353,5148,"10.11.168.10",445,26,11,15,"10.84.42.134"
"1495068398.000",7501,2353,5148,"10.11.168.10",445,26,11,15,"10.84.42.134"
"1495059397.000",7501,2353,5148,"10.11.168.10",445,26,11,15,"10.84.42.134"
"1495058497.000",7565,2417,5148,"10.11.168.10",445,27,12,15,"10.84.42.134"
"1494572888.000",7501,2353,5148,"10.11.168.10",445,26,11,15,"10.84.42.134"
"1494566588.000",7501,2353,5148,"10.11.168.10",445,26,11,15,"10.84.42.134"
"1494554888.000",7565,2417,5148,"10.11.168.10",445,27,12,15,"10.84.42.134"
"1494553988.000",7565,2417,5148,"10.11.168.10",445,27,12,15,"10.84.42.134"
"1494539587.000",7501,2353,5148,"10.11.168.9",445,26,11,15,"10.84.42.134"
"1494531487.000",7565,2417,5148,"10.11.168.9",445,27,12,15,"10.84.42.134"
"1494526087.000",7501,2353,5148,"10.11.168.9",445,26,11,15,"10.84.42.134"
"1494524286.000",7501,2353,5148,"10.11.168.9",445,26,11,15,"10.84.42.134"
"1494504486.000",7501,2353,5148,"10.11.168.9",445,26,11,15,"10.84.42.134"
"1494499985.000",7565,2353,5212,"10.11.168.9",445,27,11,16,"10.84.42.134"
"1494499259.000",14228,4803,9425,"10.11.168.9",445,53,23,30,"10.84.42.134"
"1494495485.000",7501,2353,5148,"10.11.168.10",445,26,11,15,"10.84.42.134"
"1494479284.000",7501,2353,5148,"10.11.168.10",445,26,11,15,"10.84.42.134"
"1495044097.000",7501,2353,5148,"10.11.168.10",445,26,11,15,"10.84.42.134"
"1495042295.000",7501,2353,5148,"10.11.168.10",445,26,11,15,"10.84.42.134"
"1495031496.000",7565,2417,5148,"10.11.168.10",445,27,12,15,"10.84.42.134"
"1495030596.000",7501,2353,5148,"10.11.168.10",445,26,11,15,"10.84.42.134"
"1495017965.000",14100,4739,9361,"10.11.168.10",445,51,22,29,"10.84.42.134"
"1495011785.000",15956,4943,11013,"10.11.168.10",445,57,25,32,"10.84.42.134"
"1495008994.000",7501,2353,5148,"10.11.168.9",445,26,11,15,"10.84.42.134"
"1495006295.000",7501,2353,5148,"10.11.168.9",445,26,11,15,"10.84.42.134"
"1495001795.000",7565,2417,5148,"10.11.168.9",445,27,12,15,"10.84.42.134"
"1494999095.000",7501,2353,5148,"10.11.168.9",445,26,11,15,"10.84.42.134"
"1494994594.000",7565,2417,5148,"10.11.168.9",445,27,12,15,"10.84.42.134"
"1494981994.000",7501,2353,5148,"10.11.168.9",445,26,11,15,"10.84.42.134"
"1495040495.000",7501,2353,5148,"10.11.168.10",445,26,11,15,"10.84.42.134"
"1495039595.000",7501,2353,5148,"10.11.168.10",445,26,11,15,"10.84.42.134"
"1495037796.000",7501,2353,5148,"10.11.168.10",445,26,11,15,"10.84.42.134"
"1495036895.000",7501,2353,5148,"10.11.168.10",445,26,11,15,"10.84.42.134"
"1495030449.000",14608,5113,9495,"10.11.168.10",445,55,24,31,"10.84.42.134"
"1495029696.000",7501,2353,5148,"10.11.168.10",445,26,11,15,"10.84.42.134"
"1495024295.000",7565,2417,5148,"10.11.168.10",445,27,12,15,"10.84.42.134"
"1495022496.000",7565,2417,5148,"10.11.168.10",445,27,12,15,"10.84.42.134"
"1495018895.000",7565,2417,5148,"10.11.168.10",445,27,12,15,"10.84.42.134"
"1495017095.000",7501,2353,5148,"10.11.168.10",445,26,11,15,"10.84.42.134"
"1495006204.000",14100,4739,9361,"10.11.168.9",445,51,22,29,"10.84.42.134"
"1495005395.000",7501,2353,5148,"10.11.168.9",445,26,11,15,"10.84.42.134"
"1495002694.000",7501,2353,5148,"10.11.168.9",445,26,11,15,"10.84.42.134"
"1494998195.000",7501,2353,5148,"10.11.168.9",445,26,11,15,"10.84.42.134"
"1494997294.000",7501,2353,5148,"10.11.168.9",445,26,11,15,"10.84.42.134"
"1494995494.000",7501,2353,5148,"10.11.168.9",445,26,11,15,"10.84.42.134"
"1494993600.000",14228,4803,9425,"10.11.168.9",445,53,23,30,"10.84.42.134"
"1495036150.000",14164,4739,9425,"10.11.168.10",445,52,22,30,"10.84.42.134"
"1495035996.000",7501,2353,5148,"10.11.168.10",445,26,11,15,"10.84.42.134"
"1495033296.000",7565,2417,5148,"10.11.168.10",445,27,12,15,"10.84.42.134"
"1495027895.000",7501,2353,5148,"10.11.168.10",445,26,11,15,"10.84.42.134"
"1495023396.000",7501,2353,5148,"10.11.168.10",445,26,11,15,"10.84.42.134"
"1495021596.000",7501,2353,5148,"10.11.168.10",445,26,11,15,"10.84.42.134"
"1495019795.000",7501,2353,5148,"10.11.168.10",445,26,11,15,"10.84.42.134"
"1495013494.000",7501,2353,5148,"10.11.168.10",445,26,11,15,"10.84.42.134"
"1495012595.000",7501,2353,5148,"10.11.168.10",445,26,11,15,"10.84.42.134"
"1495007195.000",7501,2353,5148,"10.11.168.9",445,26,11,15,"10.84.42.134"
"1495004494.000",7501,2353,5148,"10.11.168.9",445,26,11,15,"10.84.42.134"
"1494999994.000",7501,2353,5148,"10.11.168.9",445,26,11,15,"10.84.42.134"
"1495035095.000",7501,2353,5148,"10.11.168.10",445,26,11,15,"10.84.42.134"
"1495026095.000",7565,2417,5148,"10.11.168.10",445,27,12,15,"10.84.42.134"
"1495000894.000",7501,2353,5148,"10.11.168.9",445,26,11,15,"10.84.42.134"
"1494987719.000",14100,4739,9361,"10.11.168.9",445,51,22,29,"10.84.42.134"
"1494986494.000",7501,2353,5148,"10.11.168.9",445,26,11,15,"10.84.42.134"
"1494974793.000",7565,2417,5148,"10.11.168.9",445,27,12,15,"10.84.42.134"
"1494763696.000",7501,2353,5148,"10.11.168.10",445,26,11,15,"10.84.42.134"
"1494720494.000",7501,2353,5148,"10.11.168.9",445,26,11,15,"10.84.42.134"
"1494714194.000",7565,2417,5148,"10.11.168.9",445,27,12,15,"10.84.42.134"
"1494993693.000",7501,2353,5148,"10.11.168.9",445,26,11,15,"10.84.42.134"
"1494990994.000",7565,2417,5148,"10.11.168.9",445,27,12,15,"10.84.42.134"
"1494990094.000",7501,2353,5148,"10.11.168.9",445,26,11,15,"10.84.42.134"
"1494987393.000",7565,2353,5212,"10.11.168.9",445,27,11,16,"10.84.42.134"
"1494984694.000",7501,2353,5148,"10.11.168.9",445,26,11,15,"10.84.42.134"
"1494983794.000",7565,2417,5148,"10.11.168.9",445,27,12,15,"10.84.42.134"
"1494982138.000",14228,4803,9425,"10.11.168.9",445,53,23,30,"10.84.42.134"
"1494977493.000",7501,2353,5148,"10.11.168.9",445,26,11,15,"10.84.42.134"
"1494972992.000",7565,2417,5148,"10.11.168.9",445,27,12,15,"10.84.42.134"
"1494988294.000",7501,2353,5148,"10.11.168.9",445,26,11,15,"10.84.42.134"
"1494982893.000",7501,2353,5148,"10.11.168.9",445,26,11,15,"10.84.42.134"
"1494975693.000",7501,2353,5148,"10.11.168.9",445,26,11,15,"10.84.42.134"
"1494971193.000",7565,2417,5148,"10.11.168.9",445,27,12,15,"10.84.42.134"
"1494963993.000",8073,2679,5394,"10.11.168.10",445,29,12,17,"10.84.42.134"
"1494985593.000",7501,2353,5148,"10.11.168.9",445,26,11,15,"10.84.42.134"
"1494981093.000",7501,2353,5148,"10.11.168.9",445,26,11,15,"10.84.42.134"
"1494980194.000",7501,2353,5148,"10.11.168.9",445,26,11,15,"10.84.42.134"
"1494979293.000",7501,2353,5148,"10.11.168.9",445,26,11,15,"10.84.42.134"
"1494978394.000",7881,2663,5218,"10.11.168.9",445,28,12,16,"10.84.42.134"
"1494970075.000",14672,5177,9495,"10.11.168.9",445,56,25,31,"10.84.42.134"
"1494969393.000",7945,2727,5218,"10.11.168.9",445,29,13,16,"10.84.42.134"
"1494976593.000",7565,2417,5148,"10.11.168.9",445,27,12,15,"10.84.42.134"
"1494960392.000",8137,2743,5394,"10.11.168.10",445,30,13,17,"10.84.42.134"
"1494968492.000",7945,2663,5282,"10.11.168.9",445,29,12,17,"10.84.42.134"
"1494967593.000",7501,2353,5148,"10.11.168.10",445,26,11,15,"10.84.42.134"
"1494965793.000",8137,2743,5394,"10.11.168.10",445,30,13,17,"10.84.42.134"
"1494964892.000",7501,2353,5148,"10.11.168.10",445,26,11,15,"10.84.42.134"
"1494964493.000",14228,4803,9425,"10.11.168.10",445,53,23,30,"10.84.42.134"
"1494961292.000",7501,2353,5148,"10.11.168.10",445,26,11,15,"10.84.42.134"
"1494957693.000",7501,2353,5148,"10.11.168.10",445,26,11,15,"10.84.42.134"
"1494957413.000",14164,4739,9425,"10.11.168.10",445,52,22,30,"10.84.42.134"
"1494955471.000",1987,1141,846,"10.83.29.108",445,15,6,9,"10.83.84.205"
"1494955461.000",82,0,82,"136.98.140.1",445,1,0,1,"10.83.84.205"
"1494954092.000",7501,2353,5148,"10.11.168.10",445,26,11,15,"10.84.42.134"
"1494951392.000",8073,2679,5394,"10.11.168.10",445,29,12,17,"10.84.42.134"
"1494951099.000",1986,1140,846,"10.83.65.91",445,15,6,9,"10.83.84.205"
"1494951098.000",356,216,140,"10.83.65.91",445,6,3,3,"10.83.84.205"
"1494943292.000",7499,2352,5147,"10.11.168.10",445,26,11,15,"10.84.42.134"
"1494938792.000",7499,2352,5147,"10.11.168.10",445,26,11,15,"10.84.42.134"
"1494924964.000",62,0,62,"10.77.180.70",445,1,0,1,"10.84.42.231"
"1494909503.000",7501,2353,5148,"10.11.168.9",445,26,11,15,"10.84.42.134"
"1494963093.000",7501,2353,5148,"10.11.168.10",445,26,11,15,"10.84.42.134"
"1494962192.000",8073,2679,5394,"10.11.168.10",445,29,12,17,"10.84.42.134"
"1494956789.000",8137,2743,5394,"10.11.168.10",445,30,13,17,"10.84.42.134"
"1494953192.000",8073,2679,5394,"10.11.168.10",445,29,12,17,"10.84.42.134"
"1494957273.000",286,146,140,"10.83.65.91",445,5,2,3,"10.83.84.205"
"1494957273.000",1986,1140,846,"10.83.65.91",445,15,6,9,"10.83.84.205"
"1494957272.000",2008,1162,846,"10.83.185.3",445,15,6,9,"10.83.84.205"
"1494957272.000",282,142,140,"10.83.29.108",445,5,2,3,"10.83.84.205"
"1494953670.000",282,142,140,"10.83.185.3",445,5,2,3,"10.83.84.205"
"1494953670.000",2008,1162,846,"10.83.185.3",445,15,6,9,"10.83.84.205"
"1494950331.000",14100,4739,9361,"10.11.168.10",445,51,22,29,"10.84.42.134"
"1494947791.000",8135,2742,5393,"10.11.168.10",445,30,13,17,"10.84.42.134"
"1494945092.000",7499,2352,5147,"10.11.168.10",445,26,11,15,"10.84.42.134"
"1494942391.000",7499,2352,5147,"10.11.168.10",445,26,11,15,"10.84.42.134"
"1494937891.000",7499,2352,5147,"10.11.168.10",445,26,11,15,"10.84.42.134"
"1494926981.000",62,0,62,"10.77.180.70",445,1,0,1,"10.84.42.231"
"1494924958.000",132,0,132,"10.77.180.70",445,2,0,2,"10.84.42.231"
"1494902302.000",7565,2417,5148,"10.11.168.9",445,27,12,15,"10.84.42.134"
"1494895102.000",7565,2417,5148,"10.11.168.9",445,27,12,15,"10.84.42.134"
"1494954992.000",8137,2743,5394,"10.11.168.10",445,30,13,17,"10.84.42.134"
"1494951747.000",1992,1146,846,"10.83.68.215",445,15,6,9,"10.83.84.205"
"1494951747.000",282,142,140,"10.83.68.215",445,5,2,3,"10.83.84.205"
"1494951013.000",356,216,140,"10.83.65.91",445,6,3,3,"10.83.84.205"
"1494950581.000",282,142,140,"10.83.29.108",445,5,2,3,"10.83.84.205"
"1494950581.000",2008,1162,846,"10.83.3.150",445,15,6,9,"10.83.84.205"
"1494950581.000",282,142,140,"10.83.3.150",445,5,2,3,"10.83.84.205"
"1494950580.000",352,212,140,"10.83.204.210",445,6,3,3,"10.83.84.205"
"1494950580.000",1986,1140,846,"10.83.65.91",445,15,6,9,"10.83.84.205"
"1494950580.000",356,216,140,"10.83.65.91",445,6,3,3,"10.83.84.205"
"1494949591.000",8073,2679,5394,"10.11.168.10",445,29,12,17,"10.84.42.134"
"1494948691.000",7501,2353,5148,"10.11.168.10",445,26,11,15,"10.84.42.134"
"1494946891.000",7499,2352,5147,"10.11.168.10",445,26,11,15,"10.84.42.134"
"1494944192.000",7943,2726,5217,"10.11.168.10",445,29,13,16,"10.84.42.134"
"1494933391.000",7563,2416,5147,"10.11.168.10",445,27,12,15,"10.84.42.134"
"1494932491.000",7499,2352,5147,"10.11.168.10",445,26,11,15,"10.84.42.134"
"1494926975.000",132,0,132,"10.77.180.70",445,2,0,2,"10.84.42.231"
"1494924258.000",83877772,82396798,1480974,"10.188.60.18",445,72990,55355,17635,"10.84.42.134"
"1494924009.000",62,0,62,"10.77.180.70",445,1,0,1,"10.84.42.231"
"1494924003.000",132,0,132,"10.77.180.70",445,2,0,2,"10.84.42.231"
"1494921203.000",7501,2353,5148,"10.11.168.9",445,26,11,15,"10.84.42.134"
"1494918504.000",7501,2353,5148,"10.11.168.9",445,26,11,15,"10.84.42.134"
"1494914903.000",7501,2353,5148,"10.11.168.9",445,26,11,15,"10.84.42.134"
"1494914003.000",7501,2353,5148,"10.11.168.9",445,26,11,15,"10.84.42.134"
"1494912203.000",7501,2353,5148,"10.11.168.9",445,26,11,15,"10.84.42.134"
"1494900502.000",7501,2353,5148,"10.11.168.9",445,26,11,15,"10.84.42.134"
"1494896002.000",7501,2353,5148,"10.11.168.9",445,26,11,15,"10.84.42.134"
"1494893302.000",7501,2353,5148,"10.11.168.9",445,26,11,15,"10.84.42.134"
"1494890602.000",7565,2353,5212,"10.11.168.9",445,27,11,16,"10.84.42.134"
"1494959493.000",7565,2353,5212,"10.11.168.10",445,27,11,16,"10.84.42.134"
"1494958593.000",8073,2679,5394,"10.11.168.10",445,29,12,17,"10.84.42.134"
"1494951140.000",2008,1162,846,"10.83.3.150",445,15,6,9,"10.83.84.205"
"1494951140.000",282,142,140,"10.83.3.150",445,5,2,3,"10.83.84.205"
"1494951140.000",282,142,140,"10.83.29.108",445,5,2,3,"10.83.84.205"
"1494951135.000",138,78,60,"10.83.204.210",445,3,1,2,"10.83.84.205"
"1494950901.000",356,216,140,"10.83.65.91",445,6,3,3,"10.83.84.205"
"1494950901.000",1986,1140,846,"10.83.65.91",445,15,6,9,"10.83.84.205"
"1494945393.000",62,0,62,"10.77.180.98",445,1,0,1,"10.84.42.231"
"1494945387.000",132,0,132,"10.77.180.98",445,2,0,2,"10.84.42.231"
"1494941492.000",7499,2352,5147,"10.11.168.10",445,26,11,15,"10.84.42.134"
"1494939692.000",7499,2352,5147,"10.11.168.10",445,26,11,15,"10.84.42.134"
"1494935192.000",7499,2352,5147,"10.11.168.10",445,26,11,15,"10.84.42.134"
"1494934291.000",7499,2352,5147,"10.11.168.10",445,26,11,15,"10.84.42.134"
"1494925290.000",7499,2352,5147,"10.11.168.10",445,26,11,15,"10.84.42.134"
"1494924378.000",7036,2042,4994,"10.11.168.9",445,25,10,15,"10.84.42.134"
"1494924371.000",43169472,1400397,41769075,"10.188.60.18",445,45866,16529,29337,"10.84.42.134"
"1494952292.000",7501,2353,5148,"10.11.168.10",445,26,11,15,"10.84.42.134"
"1494950974.000",286,146,140,"10.83.65.91",445,5,2,3,"10.83.84.205"
"1494950974.000",1986,1140,846,"10.83.65.91",445,15,6,9,"10.83.84.205"
"1494950569.000",352,212,140,"10.83.204.210",445,6,3,3,"10.83.84.205"
"1494950569.000",1986,1140,846,"10.83.65.91",445,15,6,9,"10.83.84.205"
"1494950569.000",356,216,140,"10.83.65.91",445,6,3,3,"10.83.84.205"
"1494950569.000",1987,1141,846,"10.83.29.108",445,15,6,9,"10.83.84.205"
"1494950569.000",352,212,140,"10.83.29.108",445,6,3,3,"10.83.84.205"
"1494950492.000",7501,2353,5148,"10.11.168.10",445,26,11,15,"10.84.42.134"
"1494943189.000",14226,4802,9424,"10.11.168.10",445,53,23,30,"10.84.42.134"
"1494937306.000",21551,9150,12401,"10.11.168.10",445,74,33,41,"10.84.42.134"
"1494931591.000",7563,2416,5147,"10.11.168.10",445,27,12,15,"10.84.42.134"
"1494930708.000",20096,6280,13816,"10.11.168.10",445,68,30,38,"10.84.42.134"
"1494927991.000",7563,2416,5147,"10.11.168.10",445,27,12,15,"10.84.42.134"
"1494927091.000",7499,2352,5147,"10.11.168.10",445,26,11,15,"10.84.42.134"
"1494951737.000",82,0,82,"136.98.140.1",445,1,0,1,"10.83.84.205"
"1494950648.000",356,216,140,"10.83.65.91",445,6,3,3,"10.83.84.205"
"1494950648.000",1987,1141,846,"10.83.29.108",445,15,6,9,"10.83.84.205"
"1494950643.000",138,78,60,"10.83.204.210",445,3,1,2,"10.83.84.205"
"1494950643.000",138,78,60,"10.83.3.150",445,3,1,2,"10.83.84.205"
"1494950614.000",282,142,140,"10.83.3.150",445,5,2,3,"10.83.84.205"
"1494950614.000",356,216,140,"10.83.65.91",445,6,3,3,"10.83.84.205"
"1494950614.000",2008,1162,846,"10.83.3.150",445,15,6,9,"10.83.84.205"
"1494950614.000",1986,1140,846,"10.83.65.91",445,15,6,9,"10.83.84.205"
"1494950614.000",352,212,140,"10.83.29.108",445,6,3,3,"10.83.84.205"
"1494950609.000",138,78,60,"10.83.204.210",445,3,1,2,"10.83.84.205"
"1494950564.000",138,78,60,"10.83.3.150",445,3,1,2,"10.83.84.205"
"1494945991.000",7499,2352,5147,"10.11.168.10",445,26,11,15,"10.84.42.134"
"1494940592.000",7499,2352,5147,"10.11.168.10",445,26,11,15,"10.84.42.134"
"1494930890.000",62,0,62,"10.77.180.70",445,1,0,1,"10.84.42.231"
"1494929791.000",7499,2352,5147,"10.11.168.10",445,26,11,15,"10.84.42.134"
"1494928891.000",7879,2662,5217,"10.11.168.10",445,28,12,16,"10.84.42.134"
"1494924248.000",9628,3002,6626,"10.11.168.10",445,40,18,22,"10.84.42.134"
"1494923904.000",7501,2353,5148,"10.11.168.9",445,26,11,15,"10.84.42.134"
"1494923004.000",7501,2353,5148,"10.11.168.9",445,26,11,15,"10.84.42.134"
"1494922104.000",7565,2417,5148,"10.11.168.9",445,27,12,15,"10.84.42.134"
"1494920303.000",7565,2417,5148,"10.11.168.9",445,27,12,15,"10.84.42.134"
"1494919404.000",7501,2353,5148,"10.11.168.9",445,26,11,15,"10.84.42.134"
"1494919139.000",62,0,62,"10.77.180.70",445,1,0,1,"10.84.42.231"
"1494919133.000",132,0,132,"10.77.180.70",445,2,0,2,"10.84.42.231"
"1494919086.000",62,0,62,"10.77.180.70",445,1,0,1,"10.84.42.231"
"1494919080.000",132,0,132,"10.77.180.70",445,2,0,2,"10.84.42.231"
"1494918969.000",62,0,62,"10.77.180.70",445,1,0,1,"10.84.42.231"
"1494918963.000",132,0,132,"10.77.180.70",445,2,0,2,"10.84.42.231"
"1494917604.000",7501,2353,5148,"10.11.168.9",445,26,11,15,"10.84.42.134"
"1494915803.000",7501,2353,5148,"10.11.168.9",445,26,11,15,"10.84.42.134"
"1494913103.000",7501,2353,5148,"10.11.168.9",445,26,11,15,"10.84.42.134"
"1494912753.000",14228,4803,9425,"10.11.168.9",445,53,23,30,"10.84.42.134"
"1494906803.000",7501,2353,5148,"10.11.168.9",445,26,11,15,"10.84.42.134"
"1494905903.000",7501,2353,5148,"10.11.168.9",445,26,11,15,"10.84.42.134"
"1494905003.000",7501,2353,5148,"10.11.168.9",445,26,11,15,"10.84.42.134"
"1494899602.000",7501,2353,5148,"10.11.168.9",445,26,11,15,"10.84.42.134"
"1494898703.000",7565,2417,5148,"10.11.168.9",445,27,12,15,"10.84.42.134"
"1494897802.000",7501,2353,5148,"10.11.168.9",445,26,11,15,"10.84.42.134"
"1494924406.000",20012,6074,13938,"10.11.168.10",445,69,29,40,"10.84.42.134"
"1494924229.000",87953,36708,51245,"10.11.168.9",445,340,168,172,"10.84.42.134"
"1494923867.000",62,0,62,"10.77.180.70",445,1,0,1,"10.84.42.231"
"1494923861.000",132,0,132,"10.77.180.70",445,2,0,2,"10.84.42.231"
"1494919235.000",14100,4739,9361,"10.11.168.9",445,51,22,29,"10.84.42.134"
"1494919204.000",62,0,62,"10.77.180.70",445,1,0,1,"10.84.42.231"
"1494907704.000",7501,2353,5148,"10.11.168.9",445,26,11,15,"10.84.42.134"
"1494906631.000",14100,4739,9361,"10.11.168.9",445,51,22,29,"10.84.42.134"
"1494904102.000",7501,2353,5148,"10.11.168.9",445,26,11,15,"10.84.42.134"
"1494901402.000",7501,2353,5148,"10.11.168.9",445,26,11,15,"10.84.42.134"
"1494900570.000",14228,4803,9425,"10.11.168.9",445,53,23,30,"10.84.42.134"
"1494887902.000",7501,2353,5148,"10.11.168.9",445,26,11,15,"10.84.42.134"
"1494884301.000",7501,2353,5148,"10.11.168.9",445,26,11,15,"10.84.42.134"
"1494879802.000",7501,2353,5148,"10.11.168.9",445,26,11,15,"10.84.42.134"
"1494876201.000",7501,2353,5148,"10.11.168.9",445,26,11,15,"10.84.42.134"
"1494873823.000",1986,1140,846,"10.83.65.91",445,15,6,9,"10.83.84.205"
"1494873823.000",286,146,140,"10.83.65.91",445,5,2,3,"10.83.84.205"
"1494873502.000",7565,2417,5148,"10.11.168.9",445,27,12,15,"10.84.42.134"
"1494916703.000",7501,2353,5148,"10.11.168.9",445,26,11,15,"10.84.42.134"
"1494911303.000",7501,2353,5148,"10.11.168.9",445,26,11,15,"10.84.42.134"
"1494908603.000",7501,2353,5148,"10.11.168.9",445,26,11,15,"10.84.42.134"
"1494896902.000",7565,2417,5148,"10.11.168.9",445,27,12,15,"10.84.42.134"
"1494892402.000",7501,2353,5148,"10.11.168.9",445,26,11,15,"10.84.42.134"
"1494881601.000",7501,2353,5148,"10.11.168.9",445,26,11,15,"10.84.42.134"
"1494869001.000",7501,2353,5148,"10.11.168.9",445,26,11,15,"10.84.42.134"
"1494863578.000",2008,1162,846,"10.83.185.3",445,15,6,9,"10.83.84.205"
"1494863578.000",352,212,140,"10.83.185.3",445,6,3,3,"10.83.84.205"
"1494861901.000",282,142,140,"10.83.185.3",445,5,2,3,"10.83.84.244"
"1494861901.000",2008,1162,846,"10.83.185.3",445,15,6,9,"10.83.84.244"
"1494861801.000",7501,2353,5148,"10.11.168.9",445,26,11,15,"10.84.42.134"
"1494861778.000",352,212,140,"10.83.185.3",445,6,3,3,"10.83.84.205"
"1494861778.000",2008,1162,846,"10.83.185.3",445,15,6,9,"10.83.84.205"
"1494861067.000",2008,1162,846,"10.83.185.3",445,15,6,9,"10.83.84.244"
"1494861057.000",282,142,140,"10.83.185.3",445,5,2,3,"10.83.84.244"
"1494852800.000",7501,2353,5148,"10.11.168.9",445,26,11,15,"10.84.42.134"
"1494843800.000",7501,2353,5148,"10.11.168.10",445,26,11,15,"10.84.42.134"
"1494431802.000",138,78,60,"10.83.3.150",445,3,1,2,"10.83.84.244"
"1494431797.000",82,0,82,"136.98.40.1",445,1,0,1,"10.83.84.244"
"1494431765.000",82,0,82,"136.98.40.1",445,1,0,1,"10.83.84.244"
"1494431444.000",14098,4738,9360,"10.11.168.9",445,51,22,29,"10.84.42.134"
"1494385168.000",7565,2417,5148,"10.11.168.10",445,27,12,15,"10.84.42.134"
"1494375268.000",7501,2353,5148,"10.11.168.10",445,26,11,15,"10.84.42.134"
"1494364467.000",7501,2353,5148,"10.11.168.10",445,26,11,15,"10.84.42.134"
"1494360867.000",7501,2353,5148,"10.11.168.10",445,26,11,15,"10.84.42.134"
"1494353667.000",7501,2353,5148,"10.11.168.10",445,26,11,15,"10.84.42.134"
"1494321265.000",7501,2353,5148,"10.11.168.10",445,26,11,15,"10.84.42.134"
"1494307768.000",7565,2417,5148,"10.11.168.10",445,27,12,15,"10.84.42.134"
"1494290664.000",7501,2353,5148,"10.11.168.10",445,26,11,15,"10.84.42.134"
"1494275368.000",282,142,140,"10.83.185.3",445,5,2,3,"10.83.84.244"
"1494275368.000",2008,1162,846,"10.83.185.3",445,15,6,9,"10.83.84.244"
"1494275366.000",2000,1154,846,"10.83.68.49",445,15,6,9,"10.83.84.244"
"1494275363.000",7501,2353,5148,"10.11.168.10",445,26,11,15,"10.84.42.134"
"1494272663.000",7501,2353,5148,"10.11.168.10",445,26,11,15,"10.84.42.134"
"1494872601.000",7501,2353,5148,"10.11.168.9",445,26,11,15,"10.84.42.134"
"1494869901.000",7565,2417,5148,"10.11.168.9",445,27,12,15,"10.84.42.134"
"1494867228.000",82,0,82,"136.98.140.1",445,1,0,1,"10.83.84.205"
"1494848300.000",7501,2353,5148,"10.11.168.10",445,26,11,15,"10.84.42.134"
"1494842001.000",7565,2417,5148,"10.11.168.10",445,27,12,15,"10.84.42.134"
"1494836599.000",7501,2353,5148,"10.11.168.10",445,26,11,15,"10.84.42.134"
"1494835699.000",7565,2417,5148,"10.11.168.10",445,27,12,15,"10.84.42.134"
"1494809598.000",7501,2353,5148,"10.11.168.10",445,26,11,15,"10.84.42.134"
"1494805098.000",7565,2417,5148,"10.11.168.10",445,27,12,15,"10.84.42.134"
"1494803890.000",14228,4803,9425,"10.11.168.10",445,53,23,30,"10.84.42.134"
"1494893910.000",14376,5009,9367,"10.11.168.9",445,53,24,29,"10.84.42.134"
"1494888802.000",7565,2417,5148,"10.11.168.9",445,27,12,15,"10.84.42.134"
"1494887188.000",14463,4968,9495,"10.11.168.9",445,55,24,31,"10.84.42.134"
"1494887002.000",7501,2353,5148,"10.11.168.9",445,26,11,15,"10.84.42.134"
"1494878901.000",7565,2417,5148,"10.11.168.9",445,27,12,15,"10.84.42.134"
"1494878002.000",7501,2353,5148,"10.11.168.9",445,26,11,15,"10.84.42.134"
"1494873984.000",21933,9397,12536,"10.11.168.9",445,76,33,43,"10.84.42.134"
"1494870593.000",1980,1134,846,"10.83.42.85",445,15,6,9,"10.83.84.205"
"1494870593.000",282,142,140,"10.83.42.85",445,5,2,3,"10.83.84.205"
"1494868102.000",7501,2353,5148,"10.11.168.9",445,26,11,15,"10.84.42.134"
"1494886103.000",7501,2353,5148,"10.11.168.9",445,26,11,15,"10.84.42.134"
"1494885202.000",7501,2353,5148,"10.11.168.9",445,26,11,15,"10.84.42.134"
"1494880586.000",14100,4739,9361,"10.11.168.9",445,51,22,29,"10.84.42.134"
"1494871701.000",7565,2417,5148,"10.11.168.9",445,27,12,15,"10.84.42.134"
"1494870801.000",7501,2353,5148,"10.11.168.9",445,26,11,15,"10.84.42.134"
"1494867202.000",7501,2353,5148,"10.11.168.9",445,26,11,15,"10.84.42.134"
"1494860001.000",7501,2353,5148,"10.11.168.9",445,26,11,15,"10.84.42.134"
"1494854600.000",7501,2353,5148,"10.11.168.9",445,26,11,15,"10.84.42.134"
"1494850100.000",7501,2353,5148,"10.11.168.9",445,26,11,15,"10.84.42.134"
"1494847400.000",7501,2353,5148,"10.11.168.10",445,26,11,15,"10.84.42.134"
"1494832999.000",7501,2353,5148,"10.11.168.10",445,26,11,15,"10.84.42.134"
"1494830299.000",7565,2417,5148,"10.11.168.10",445,27,12,15,"10.84.42.134"
"1494828499.000",7501,2353,5148,"10.11.168.10",445,26,11,15,"10.84.42.134"
"1494817698.000",7565,2417,5148,"10.11.168.10",445,27,12,15,"10.84.42.134"
"1494807799.000",7501,2353,5148,"10.11.168.10",445,26,11,15,"10.84.42.134"
"1494882502.000",7501,2353,5148,"10.11.168.9",445,26,11,15,"10.84.42.134"
"1494880701.000",7501,2353,5148,"10.11.168.9",445,26,11,15,"10.84.42.134"
"1494877101.000",7565,2417,5148,"10.11.168.9",445,27,12,15,"10.84.42.134"
"1494865377.000",2008,1162,846,"10.83.3.150",445,15,6,9,"10.83.84.205"
"1494865017.000",282,142,140,"10.83.3.150",445,5,2,3,"10.83.84.244"
"1494865017.000",2008,1162,846,"10.83.3.150",445,15,6,9,"10.83.84.244"
"1494865016.000",286,146,140,"10.83.65.91",445,5,2,3,"10.83.84.244"
"1494865004.000",286,146,140,"10.83.65.91",445,5,2,3,"10.83.84.244"
"1494865004.000",282,142,140,"10.83.3.150",445,5,2,3,"10.83.84.244"
"1494865004.000",2008,1162,846,"10.83.3.150",445,15,6,9,"10.83.84.244"
"1494860498.000",2008,1162,846,"10.83.185.3",445,15,6,9,"10.83.84.205"
"1494860498.000",282,142,140,"10.83.185.3",445,5,2,3,"10.83.84.205"
"1494860062.000",14228,4803,9425,"10.11.168.9",445,53,23,30,"10.84.42.134"
"1494859857.000",352,212,140,"10.83.185.3",445,6,3,3,"10.83.84.205"
"1494859857.000",2008,1162,846,"10.83.185.3",445,15,6,9,"10.83.84.205"
"1494842901.000",7501,2353,5148,"10.11.168.10",445,26,11,15,"10.84.42.134"
"1494831199.000",7501,2353,5148,"10.11.168.10",445,26,11,15,"10.84.42.134"
"1494816799.000",7501,2353,5148,"10.11.168.10",445,26,11,15,"10.84.42.134"
"1494814098.000",7501,2353,5148,"10.11.168.10",445,26,11,15,"10.84.42.134"
"1494812298.000",7501,2353,5148,"10.11.168.10",445,26,11,15,"10.84.42.134"
"1494791597.000",7501,2353,5148,"10.11.168.10",445,26,11,15,"10.84.42.134"
"1494788897.000",7501,2353,5148,"10.11.168.10",445,26,11,15,"10.84.42.134"
"1494778097.000",7501,2353,5148,"10.11.168.10",445,26,11,15,"10.84.42.134"
"1494760096.000",7501,2353,5148,"10.11.168.9",445,26,11,15,"10.84.42.134"
"1494747496.000",7501,2353,5148,"10.11.168.9",445,26,11,15,"10.84.42.134"
"1494742995.000",7501,2353,5148,"10.11.168.9",445,26,11,15,"10.84.42.134"
"1494735795.000",7565,2417,5148,"10.11.168.9",445,27,12,15,"10.84.42.134"
"1494733734.000",14100,4739,9361,"10.11.168.9",445,51,22,29,"10.84.42.134"
"1494724995.000",7565,2417,5148,"10.11.168.9",445,27,12,15,"10.84.42.134"
"1494719594.000",7565,2353,5212,"10.11.168.9",445,27,11,16,"10.84.42.134"
"1494544087.000",7501,2353,5148,"10.11.168.10",445,26,11,15,"10.84.42.134"
"1494540487.000",7501,2353,5148,"10.11.168.9",445,26,11,15,"10.84.42.134"
"1494522486.000",7565,2417,5148,"10.11.168.9",445,27,12,15,"10.84.42.134"
"1494517986.000",7501,2353,5148,"10.11.168.9",445,26,11,15,"10.84.42.134"
"1494515286.000",7501,2353,5148,"10.11.168.9",445,26,11,15,"10.84.42.134"
"1494505386.000",7565,2417,5148,"10.11.168.9",445,27,12,15,"10.84.42.134"
"1494503586.000",7501,2353,5148,"10.11.168.9",445,26,11,15,"10.84.42.134"
"1494491885.000",7501,2353,5148,"10.11.168.10",445,26,11,15,"10.84.42.134"
"1494490985.000",7501,2353,5148,"10.11.168.10",445,26,11,15,"10.84.42.134"
"1494869040.000",356,216,140,"10.83.65.91",445,6,3,3,"10.83.84.205"
"1494869040.000",2004,1158,846,"10.83.204.210",445,15,6,9,"10.83.84.205"
"1494869040.000",1986,1140,846,"10.83.65.91",445,15,6,9,"10.83.84.205"
"1494869039.000",1992,1146,846,"10.83.68.215",445,15,6,9,"10.83.84.205"
"1494869039.000",352,212,140,"10.83.68.215",445,6,3,3,"10.83.84.205"
"1494869039.000",352,212,140,"10.83.204.210",445,6,3,3,"10.83.84.205"
"1494867238.000",356,216,140,"10.83.65.91",445,6,3,3,"10.83.84.205"
"1494867238.000",1986,1140,846,"10.83.65.91",445,15,6,9,"10.83.84.205"
"1494867238.000",352,212,140,"10.83.68.215",445,6,3,3,"10.83.84.205"
"1494867238.000",2008,1162,846,"10.83.3.150",445,15,6,9,"10.83.84.205"
"1494867238.000",2004,1158,846,"10.83.204.210",445,15,6,9,"10.83.84.205"
"1494867238.000",352,212,140,"10.83.204.210",445,6,3,3,"10.83.84.205"
"1494867238.000",1992,1146,846,"10.83.68.215",445,15,6,9,"10.83.84.205"
"1494867238.000",282,142,140,"10.83.3.150",445,5,2,3,"10.83.84.205"
"1494866964.000",14292,4803,9489,"10.11.168.9",445,54,23,31,"10.84.42.134"
"1494865401.000",7501,2353,5148,"10.11.168.9",445,26,11,15,"10.84.42.134"
"1494863602.000",7501,2353,5148,"10.11.168.9",445,26,11,15,"10.84.42.134"
"1494861026.000",282,142,140,"10.83.185.3",445,5,2,3,"10.83.84.244"
"1494861026.000",2008,1162,846,"10.83.185.3",445,15,6,9,"10.83.84.244"
"1494860902.000",7501,2353,5148,"10.11.168.9",445,26,11,15,"10.84.42.134"
"1494859100.000",7501,2353,5148,"10.11.168.9",445,26,11,15,"10.84.42.134"
"1494857301.000",7501,2353,5148,"10.11.168.9",445,26,11,15,"10.84.42.134"
"1494856400.000",7945,2663,5282,"10.11.168.9",445,29,12,17,"10.84.42.134"
"1494855500.000",7565,2417,5148,"10.11.168.9",445,27,12,15,"10.84.42.134"
"1494853700.000",7565,2417,5148,"10.11.168.9",445,27,12,15,"10.84.42.134"
"1494851900.000",7501,2353,5148,"10.11.168.9",445,26,11,15,"10.84.42.134"
"1494851001.000",7501,2353,5148,"10.11.168.9",445,26,11,15,"10.84.42.134"
"1494844700.000",7629,2481,5148,"10.11.168.10",445,28,13,15,"10.84.42.134"
"1494838399.000",7501,2353,5148,"10.11.168.10",445,26,11,15,"10.84.42.134"
"1494832099.000",7501,2353,5148,"10.11.168.10",445,26,11,15,"10.84.42.134"
"1494829399.000",7501,2353,5148,"10.11.168.10",445,26,11,15,"10.84.42.134"
"1494827599.000",7501,2353,5148,"10.11.168.10",445,26,11,15,"10.84.42.134"
"1494824899.000",7501,2353,5148,"10.11.168.10",445,26,11,15,"10.84.42.134"
"1494821299.000",7501,2353,5148,"10.11.168.10",445,26,11,15,"10.84.42.134"
"1494820399.000",7501,2353,5148,"10.11.168.10",445,26,11,15,"10.84.42.134"
"1494818600.000",7565,2417,5148,"10.11.168.10",445,27,12,15,"10.84.42.134"
"1494816733.000",14228,4803,9425,"10.11.168.10",445,53,23,30,"10.84.42.134"
"1494810499.000",7501,2353,5148,"10.11.168.10",445,26,11,15,"10.84.42.134"
"1494808699.000",7501,2353,5148,"10.11.168.10",445,26,11,15,"10.84.42.134"
"1494866301.000",7765,2487,5278,"10.11.168.9",445,29,13,16,"10.84.42.134"
"1494864501.000",7565,2417,5148,"10.11.168.9",445,27,12,15,"10.84.42.134"
"1494862701.000",7501,2353,5148,"10.11.168.9",445,26,11,15,"10.84.42.134"
"1494858200.000",7501,2353,5148,"10.11.168.9",445,26,11,15,"10.84.42.134"
"1494853340.000",14100,4739,9361,"10.11.168.9",445,51,22,29,"10.84.42.134"
"1494847519.000",14228,4803,9425,"10.11.168.10",445,53,23,30,"10.84.42.134"
"1494846500.000",7501,2353,5148,"10.11.168.10",445,26,11,15,"10.84.42.134"
"1494845601.000",7501,2353,5148,"10.11.168.10",445,26,11,15,"10.84.42.134"
"1494841100.000",7565,2417,5148,"10.11.168.10",445,27,12,15,"10.84.42.134"
"1494840738.000",14228,4803,9425,"10.11.168.10",445,53,23,30,"10.84.42.134"
"1494839299.000",7954,2736,5218,"10.11.168.10",445,29,13,16,"10.84.42.134"
"1494834858.000",14100,4739,9361,"10.11.168.10",445,51,22,29,"10.84.42.134"
"1494834800.000",7501,2353,5148,"10.11.168.10",445,26,11,15,"10.84.42.134"
"1494828256.000",14228,4803,9425,"10.11.168.10",445,53,23,30,"10.84.42.134"
"1494840200.000",7501,2353,5148,"10.11.168.10",445,26,11,15,"10.84.42.134"
"1494837499.000",7565,2417,5148,"10.11.168.10",445,27,12,15,"10.84.42.134"
"1494826699.000",7565,2417,5148,"10.11.168.10",445,27,12,15,"10.84.42.134"
"1494814998.000",7501,2353,5148,"10.11.168.10",445,26,11,15,"10.84.42.134"
"1494825799.000",7501,2353,5148,"10.11.168.10",445,26,11,15,"10.84.42.134"
"1494823099.000",7629,2417,5212,"10.11.168.10",445,28,12,16,"10.84.42.134"
"1494822494.000",14228,4803,9425,"10.11.168.10",445,53,23,30,"10.84.42.134"
"1494822199.000",7565,2353,5212,"10.11.168.10",445,27,11,16,"10.84.42.134"
"1494819499.000",7565,2417,5148,"10.11.168.10",445,27,12,15,"10.84.42.134"
"1494815899.000",7501,2353,5148,"10.11.168.10",445,26,11,15,"10.84.42.134"
"1494813198.000",7501,2353,5148,"10.11.168.10",445,26,11,15,"10.84.42.134"
"1494810671.000",21425,9087,12338,"10.11.168.10",445,72,32,40,"10.84.42.134"
"1494806898.000",7565,2417,5148,"10.11.168.10",445,27,12,15,"10.84.42.134"
"1494805998.000",7501,2353,5148,"10.11.168.10",445,26,11,15,"10.84.42.134"
"1494803298.000",7501,2353,5148,"10.11.168.10",445,26,11,15,"10.84.42.134"
"1494800598.000",7501,2353,5148,"10.11.168.10",445,26,11,15,"10.84.42.134"
"1494797108.000",14164,4739,9425,"10.11.168.10",445,52,22,30,"10.84.42.134"
"1494792497.000",7701,2483,5218,"10.11.168.10",445,28,12,16,"10.84.42.134"
"1494790698.000",7501,2353,5148,"10.11.168.10",445,26,11,15,"10.84.42.134"
"1494786198.000",7501,2353,5148,"10.11.168.10",445,26,11,15,"10.84.42.134"
"1494777198.000",7565,2417,5148,"10.11.168.10",445,27,12,15,"10.84.42.134"
"1494776825.000",14241,4874,9367,"10.11.168.10",445,52,23,29,"10.84.42.134"
"1494776297.000",7501,2353,5148,"10.11.168.10",445,26,11,15,"10.84.42.134"
"1494801498.000",7501,2353,5148,"10.11.168.10",445,26,11,15,"10.84.42.134"
"1494799698.000",7501,2353,5148,"10.11.168.10",445,26,11,15,"10.84.42.134"
"1494793397.000",7501,2353,5148,"10.11.168.10",445,26,11,15,"10.84.42.134"
"1494789797.000",7501,2353,5148,"10.11.168.10",445,26,11,15,"10.84.42.134"
"1494787997.000",7565,2353,5212,"10.11.168.10",445,27,11,16,"10.84.42.134"
"1494784397.000",7501,2353,5148,"10.11.168.10",445,26,11,15,"10.84.42.134"
"1494783847.000",14164,4739,9425,"10.11.168.10",445,52,22,30,"10.84.42.134"
"1494782598.000",7501,2353,5148,"10.11.168.10",445,26,11,15,"10.84.42.134"
"1494781698.000",7501,2353,5148,"10.11.168.10",445,26,11,15,"10.84.42.134"
"1494795198.000",7501,2353,5148,"10.11.168.10",445,26,11,15,"10.84.42.134"
"1494790507.000",14228,4803,9425,"10.11.168.10",445,53,23,30,"10.84.42.134"
"1494783497.000",7501,2353,5148,"10.11.168.10",445,26,11,15,"10.84.42.134"
"1494760996.000",7501,2353,5148,"10.11.168.10",445,26,11,15,"10.84.42.134"
"1494802398.000",7501,2353,5148,"10.11.168.10",445,26,11,15,"10.84.42.134"
"1494798798.000",7501,2353,5148,"10.11.168.10",445,26,11,15,"10.84.42.134"
"1494796999.000",7501,2353,5148,"10.11.168.10",445,26,11,15,"10.84.42.134"
"1494778998.000",7501,2353,5148,"10.11.168.10",445,26,11,15,"10.84.42.134"
"1494775397.000",7501,2353,5148,"10.11.168.10",445,26,11,15,"10.84.42.134"
"1494772698.000",7565,2417,5148,"10.11.168.10",445,27,12,15,"10.84.42.134"
"1494771797.000",7501,2353,5148,"10.11.168.10",445,26,11,15,"10.84.42.134"
"1494787097.000",7565,2417,5148,"10.11.168.10",445,27,12,15,"10.84.42.134"
"1494785297.000",7501,2353,5148,"10.11.168.10",445,26,11,15,"10.84.42.134"
"1494766397.000",7501,2353,5148,"10.11.168.10",445,26,11,15,"10.84.42.134"
"1494765497.000",7501,2353,5148,"10.11.168.10",445,26,11,15,"10.84.42.134"
"1494753796.000",7565,2353,5212,"10.11.168.9",445,27,11,16,"10.84.42.134"
"1494743896.000",7501,2353,5148,"10.11.168.9",445,26,11,15,"10.84.42.134"
"1494728273.000",14100,4739,9361,"10.11.168.9",445,51,22,29,"10.84.42.134"
"1494717794.000",7565,2417,5148,"10.11.168.9",445,27,12,15,"10.84.42.134"
"1494774497.000",7501,2353,5148,"10.11.168.10",445,26,11,15,"10.84.42.134"
"1494773598.000",7501,2353,5148,"10.11.168.10",445,26,11,15,"10.84.42.134"
"1494769996.000",7501,2353,5148,"10.11.168.10",445,26,11,15,"10.84.42.134"
"1494769096.000",7501,2353,5148,"10.11.168.10",445,26,11,15,"10.84.42.134"
"1494768197.000",7501,2353,5148,"10.11.168.10",445,26,11,15,"10.84.42.134"
"1494767297.000",7565,2417,5148,"10.11.168.10",445,27,12,15,"10.84.42.134"
"1494761896.000",7501,2353,5148,"10.11.168.10",445,26,11,15,"10.84.42.134"
"1494757396.000",7501,2353,5148,"10.11.168.9",445,26,11,15,"10.84.42.134"
"1494756496.000",7501,2353,5148,"10.11.168.9",445,26,11,15,"10.84.42.134"
"1494755596.000",7565,2417,5148,"10.11.168.9",445,27,12,15,"10.84.42.134"
"1494749296.000",7501,2353,5148,"10.11.168.9",445,26,11,15,"10.84.42.134"
"1494748395.000",7565,2417,5148,"10.11.168.9",445,27,12,15,"10.84.42.134"
"1494744795.000",7501,2353,5148,"10.11.168.9",445,26,11,15,"10.84.42.134"
"1494770644.000",14100,4739,9361,"10.11.168.10",445,51,22,29,"10.84.42.134"
"1494759196.000",7501,2353,5148,"10.11.168.9",445,26,11,15,"10.84.42.134"
"1494758296.000",7501,2353,5148,"10.11.168.9",445,26,11,15,"10.84.42.134"
"1494757488.000",16356,5279,11077,"10.11.168.9",445,58,26,32,"10.84.42.134"
"1494752896.000",7501,2353,5148,"10.11.168.9",445,26,11,15,"10.84.42.134"
"1494751097.000",7501,2353,5148,"10.11.168.9",445,26,11,15,"10.84.42.134"
"1494747298.000",14100,4739,9361,"10.11.168.9",445,51,22,29,"10.84.42.134"
"1494741195.000",7501,2353,5148,"10.11.168.9",445,26,11,15,"10.84.42.134"
"1494739395.000",7565,2417,5148,"10.11.168.9",445,27,12,15,"10.84.42.134"
"1494733095.000",7501,2353,5148,"10.11.168.9",445,26,11,15,"10.84.42.134"
"1494729495.000",7501,2353,5148,"10.11.168.9",445,26,11,15,"10.84.42.134"
"1494725895.000",7501,2353,5148,"10.11.168.9",445,26,11,15,"10.84.42.134"
"1494718694.000",7881,2663,5218,"10.11.168.9",445,28,12,16,"10.84.42.134"
"1494489185.000",7565,2417,5148,"10.11.168.10",445,27,12,15,"10.84.42.134"
"1494474784.000",7501,2353,5148,"10.11.168.10",445,26,11,15,"10.84.42.134"
"1494470284.000",7501,2353,5148,"10.11.168.10",445,26,11,15,"10.84.42.134"
"1494449583.000",7565,2417,5148,"10.11.168.9",445,27,12,15,"10.84.42.134"
"1494432482.000",7499,2352,5147,"10.11.168.9",445,26,11,15,"10.84.42.134"
"1494432476.000",82,0,82,"136.98.40.1",445,1,0,1,"10.83.84.244"
"1494431949.000",2008,1162,846,"10.83.3.150",445,15,6,9,"10.83.84.244"
"1494406770.000",7501,2353,5148,"10.11.168.10",445,26,11,15,"10.84.42.134"
"1494402237.000",14228,4803,9425,"10.11.168.10",445,53,23,30,"10.84.42.134"
"1494397769.000",7501,2353,5148,"10.11.168.10",445,26,11,15,"10.84.42.134"
"1494386968.000",7501,2353,5148,"10.11.168.10",445,26,11,15,"10.84.42.134"
"1494370282.000",138,78,60,"10.83.3.206",445,3,1,2,"10.83.84.244"
"1494367103.000",2000,1154,846,"10.83.204.138",445,15,6,9,"10.83.84.244"
"1494367103.000",282,142,140,"10.83.204.138",445,5,2,3,"10.83.84.244"
"1494363567.000",7565,2417,5148,"10.11.168.10",445,27,12,15,"10.84.42.134"
"1494350047.000",282,142,140,"10.83.204.138",445,5,2,3,"10.83.84.244"
"1494350047.000",2000,1154,846,"10.83.204.138",445,15,6,9,"10.83.84.244"
"1494349930.000",138,78,60,"10.83.204.138",445,3,1,2,"10.83.84.244"
"1494349930.000",138,78,60,"10.83.3.206",445,3,1,2,"10.83.84.244"
"1494348124.000",2008,1162,846,"10.83.3.150",445,15,6,9,"10.83.84.244"
"1494348124.000",282,142,140,"10.83.3.150",445,5,2,3,"10.83.84.244"
"1494348123.000",1986,1140,846,"10.83.65.91",445,15,6,9,"10.83.84.244"
"1494348123.000",356,216,140,"10.83.65.91",445,6,3,3,"10.83.84.244"
"1494347366.000",7565,2417,5148,"10.11.168.10",445,27,12,15,"10.84.42.134"
"1494346323.000",352,212,140,"10.83.65.81",445,6,3,3,"10.83.84.244"
"1494346323.000",1987,1141,846,"10.83.65.81",445,15,6,9,"10.83.84.244"
"1494344667.000",7501,2353,5148,"10.11.168.10",445,26,11,15,"10.84.42.134"
"1494314965.000",7501,2353,5148,"10.11.168.10",445,26,11,15,"10.84.42.134"
"1494723194.000",7501,2353,5148,"10.11.168.9",445,26,11,15,"10.84.42.134"
"1494722294.000",7501,2353,5148,"10.11.168.9",445,26,11,15,"10.84.42.134"
"1494716895.000",7501,2353,5148,"10.11.168.9",445,26,11,15,"10.84.42.134"
"1494716450.000",14100,4739,9361,"10.11.168.9",445,51,22,29,"10.84.42.134"
"1494711494.000",7501,2353,5148,"10.11.168.9",445,26,11,15,"10.84.42.134"
"1494710594.000",7565,2417,5148,"10.11.168.9",445,27,12,15,"10.84.42.134"
"1494703394.000",7501,2353,5148,"10.11.168.9",445,26,11,15,"10.84.42.134"
"1494699794.000",7565,2417,5148,"10.11.168.9",445,27,12,15,"10.84.42.134"
"1494696193.000",7565,2417,5148,"10.11.168.9",445,27,12,15,"10.84.42.134"
"1494691694.000",7501,2353,5148,"10.11.168.9",445,26,11,15,"10.84.42.134"
"1494690793.000",7501,2353,5148,"10.11.168.9",445,26,11,15,"10.84.42.134"
"1494707894.000",7501,2353,5148,"10.11.168.9",445,26,11,15,"10.84.42.134"
"1494700695.000",7501,2353,5148,"10.11.168.9",445,26,11,15,"10.84.42.134"
"1494693494.000",7501,2353,5148,"10.11.168.9",445,26,11,15,"10.84.42.134"
"1494682693.000",7501,2353,5148,"10.11.168.9",445,26,11,15,"10.84.42.134"
"1494679093.000",7501,2353,5148,"10.11.168.9",445,26,11,15,"10.84.42.134"
"1494677292.000",7501,2353,5148,"10.11.168.9",445,26,11,15,"10.84.42.134"
"1494666493.000",7501,2353,5148,"10.11.168.10",445,26,11,15,"10.84.42.134"
"1494662893.000",7565,2417,5148,"10.11.168.10",445,27,12,15,"10.84.42.134"
"1494712394.000",7565,2417,5148,"10.11.168.9",445,27,12,15,"10.84.42.134"
"1494706994.000",7565,2417,5148,"10.11.168.9",445,27,12,15,"10.84.42.134"
"1494706095.000",7501,2353,5148,"10.11.168.9",445,26,11,15,"10.84.42.134"
"1494713294.000",7501,2353,5148,"10.11.168.9",445,26,11,15,"10.84.42.134"
"1494708794.000",7501,2353,5148,"10.11.168.9",445,26,11,15,"10.84.42.134"
"1494709694.000",7501,2353,5148,"10.11.168.9",445,26,11,15,"10.84.42.134"
"1494691783.000",21637,9293,12344,"10.11.168.9",445,73,33,40,"10.84.42.134"
"1494686294.000",7501,2353,5148,"10.11.168.9",445,26,11,15,"10.84.42.134"
"1494686022.000",14100,4739,9361,"10.11.168.9",445,51,22,29,"10.84.42.134"
"1494685393.000",7945,2727,5218,"10.11.168.9",445,29,13,16,"10.84.42.134"
"1494680201.000",14100,4739,9361,"10.11.168.9",445,51,22,29,"10.84.42.134"
"1494705195.000",7501,2353,5148,"10.11.168.9",445,26,11,15,"10.84.42.134"
"1494704294.000",7501,2353,5148,"10.11.168.9",445,26,11,15,"10.84.42.134"
"1494703968.000",14100,4739,9361,"10.11.168.9",445,51,22,29,"10.84.42.134"
"1494697994.000",7565,2417,5148,"10.11.168.9",445,27,12,15,"10.84.42.134"
"1494702494.000",7501,2353,5148,"10.11.168.9",445,26,11,15,"10.84.42.134"
"1494697907.000",14228,4803,9425,"10.11.168.9",445,53,23,30,"10.84.42.134"
"1494694394.000",7501,2353,5148,"10.11.168.9",445,26,11,15,"10.84.42.134"
"1494692593.000",7501,2353,5148,"10.11.168.9",445,26,11,15,"10.84.42.134"
"1494689893.000",7501,2353,5148,"10.11.168.9",445,26,11,15,"10.84.42.134"
"1494688093.000",7565,2417,5148,"10.11.168.9",445,27,12,15,"10.84.42.134"
"1494684493.000",7501,2353,5148,"10.11.168.9",445,26,11,15,"10.84.42.134"
"1494679993.000",7501,2353,5148,"10.11.168.9",445,26,11,15,"10.84.42.134"
"1494678193.000",7565,2417,5148,"10.11.168.9",445,27,12,15,"10.84.42.134"
"1494675493.000",7501,2353,5148,"10.11.168.9",445,26,11,15,"10.84.42.134"
"1494687193.000",7501,2353,5148,"10.11.168.9",445,26,11,15,"10.84.42.134"
"1494680894.000",7881,2663,5218,"10.11.168.9",445,28,12,16,"10.84.42.134"
"1494669192.000",7501,2353,5148,"10.11.168.10",445,26,11,15,"10.84.42.134"
"1494668292.000",7501,2353,5148,"10.11.168.10",445,26,11,15,"10.84.42.134"
"1494652992.000",7501,2353,5148,"10.11.168.10",445,26,11,15,"10.84.42.134"
"1494650291.000",7565,2417,5148,"10.11.168.10",445,27,12,15,"10.84.42.134"
"1494681793.000",7881,2663,5218,"10.11.168.9",445,28,12,16,"10.84.42.134"
"1494674319.000",14292,4803,9489,"10.11.168.9",445,54,23,31,"10.84.42.134"
"1494656376.000",14164,4739,9425,"10.11.168.10",445,52,22,30,"10.84.42.134"
"1494655692.000",7501,2353,5148,"10.11.168.10",445,26,11,15,"10.84.42.134"
"1494658392.000",7501,2353,5148,"10.11.168.10",445,26,11,15,"10.84.42.134"
"1494649716.000",14228,4803,9425,"10.11.168.10",445,53,23,30,"10.84.42.134"
"1494647591.000",7565,2417,5148,"10.11.168.10",445,27,12,15,"10.84.42.134"
"1494643474.000",14100,4739,9361,"10.11.168.10",445,51,22,29,"10.84.42.134"
"1494632291.000",7833,2615,5218,"10.11.168.10",445,29,13,16,"10.84.42.134"
"1494674592.000",7501,2353,5148,"10.11.168.9",445,26,11,15,"10.84.42.134"
"1494671893.000",7565,2417,5148,"10.11.168.10",445,27,12,15,"10.84.42.134"
"1494668738.000",14228,4803,9425,"10.11.168.10",445,53,23,30,"10.84.42.134"
"1494661092.000",7565,2417,5148,"10.11.168.10",445,27,12,15,"10.84.42.134"
"1494656593.000",7501,2353,5148,"10.11.168.10",445,26,11,15,"10.84.42.134"
"1494653892.000",7501,2353,5148,"10.11.168.10",445,26,11,15,"10.84.42.134"
"1494643091.000",7501,2353,5148,"10.11.168.10",445,26,11,15,"10.84.42.134"
"1494636992.000",14440,5009,9431,"10.11.168.10",445,54,24,30,"10.84.42.134"
"1494665593.000",7501,2353,5148,"10.11.168.10",445,26,11,15,"10.84.42.134"
"1494651191.000",7565,2353,5212,"10.11.168.10",445,27,11,16,"10.84.42.134"
"1494639492.000",7501,2353,5148,"10.11.168.10",445,26,11,15,"10.84.42.134"
"1494672792.000",7501,2353,5148,"10.11.168.10",445,26,11,15,"10.84.42.134"
"1494670992.000",7501,2353,5148,"10.11.168.10",445,26,11,15,"10.84.42.134"
"1494670093.000",7501,2353,5148,"10.11.168.10",445,26,11,15,"10.84.42.134"
"1494667392.000",7501,2353,5148,"10.11.168.10",445,26,11,15,"10.84.42.134"
"1494662977.000",14228,4803,9425,"10.11.168.10",445,53,23,30,"10.84.42.134"
"1494659293.000",7501,2353,5148,"10.11.168.10",445,26,11,15,"10.84.42.134"
"1494657493.000",7501,2353,5148,"10.11.168.10",445,26,11,15,"10.84.42.134"
"1494654792.000",7501,2353,5148,"10.11.168.10",445,26,11,15,"10.84.42.134"
"1494648492.000",7501,2353,5148,"10.11.168.10",445,26,11,15,"10.84.42.134"
"1494635891.000",7501,2353,5148,"10.11.168.10",445,26,11,15,"10.84.42.134"
"1494633191.000",7501,2353,5148,"10.11.168.10",445,26,11,15,"10.84.42.134"
"1494630491.000",7565,2417,5148,"10.11.168.10",445,27,12,15,"10.84.42.134"
"1494627791.000",7501,2353,5148,"10.11.168.10",445,26,11,15,"10.84.42.134"
"1494623290.000",7501,2353,5148,"10.11.168.10",445,26,11,15,"10.84.42.134"
"1494463984.000",8137,2743,5394,"10.11.168.10",445,30,13,17,"10.84.42.134"
"1494459483.000",7501,2353,5148,"10.11.168.10",445,26,11,15,"10.84.42.134"
"1494457683.000",7501,2353,5148,"10.11.168.10",445,26,11,15,"10.84.42.134"
"1494454983.000",8137,2743,5394,"10.11.168.9",445,30,13,17,"10.84.42.134"
"1494652093.000",7565,2417,5148,"10.11.168.10",445,27,12,15,"10.84.42.134"
"1494646692.000",7501,2353,5148,"10.11.168.10",445,26,11,15,"10.84.42.134"
"1494649391.000",7501,2353,5148,"10.11.168.10",445,26,11,15,"10.84.42.134"
"1494640391.000",7501,2353,5148,"10.11.168.10",445,26,11,15,"10.84.42.134"
"1494638591.000",7501,2353,5148,"10.11.168.10",445,26,11,15,"10.84.42.134"
"1494634991.000",7501,2353,5148,"10.11.168.10",445,26,11,15,"10.84.42.134"
"1494644891.000",7501,2353,5148,"10.11.168.10",445,26,11,15,"10.84.42.134"
"1494643991.000",7501,2353,5148,"10.11.168.10",445,26,11,15,"10.84.42.134"
"1494641291.000",7565,2417,5148,"10.11.168.10",445,27,12,15,"10.84.42.134"
"1494637692.000",7565,2417,5148,"10.11.168.10",445,27,12,15,"10.84.42.134"
"1494636791.000",7501,2353,5148,"10.11.168.10",445,26,11,15,"10.84.42.134"
"1493783917.000",7501,2353,5148,"10.11.168.9",445,26,11,15,"10.84.42.134"
"1493776717.000",7565,2417,5148,"10.11.168.9",445,27,12,15,"10.84.42.134"
"1493771933.000",14228,4803,9425,"10.11.168.9",445,53,23,30,"10.84.42.134"
"1493771316.000",7628,2417,5211,"10.11.168.9",445,28,12,16,"10.84.42.134"
"1493765632.000",14756,5255,9501,"10.11.168.9",445,55,24,31,"10.84.42.134"
"1493747916.000",7501,2353,5148,"10.11.168.10",445,26,11,15,"10.84.42.134"
"1493747849.000",1992,1146,846,"10.83.68.215",445,15,6,9,"10.83.84.244"
"1493747849.000",352,212,140,"10.83.68.215",445,6,3,3,"10.83.84.244"
"1493747151.000",82,0,82,"136.98.140.1",445,1,0,1,"10.83.84.244"
"1493747112.000",82,0,82,"136.98.140.1",445,1,0,1,"10.83.84.244"
"1493746848.000",282,142,140,"10.83.68.215",445,5,2,3,"10.83.84.244"
"1493744315.000",7501,2353,5148,"10.11.168.10",445,26,11,15,"10.84.42.134"
"1493743416.000",7501,2353,5148,"10.11.168.10",445,26,11,15,"10.84.42.134"
"1493740716.000",7565,2417,5148,"10.11.168.10",445,27,12,15,"10.84.42.134"
"1493734415.000",7501,2353,5148,"10.11.168.10",445,26,11,15,"10.84.42.134"
"1493733514.000",7501,2353,5148,"10.11.168.10",445,26,11,15,"10.84.42.134"
"1494631290.000",21425,9087,12338,"10.11.168.10",445,72,32,40,"10.84.42.134"
"1494628691.000",7501,2353,5148,"10.11.168.10",445,26,11,15,"10.84.42.134"
"1494625090.000",7501,2353,5148,"10.11.168.10",445,26,11,15,"10.84.42.134"
"1494612386.000",14100,4739,9361,"10.11.168.10",445,51,22,29,"10.84.42.134"
"1494634091.000",7501,2353,5148,"10.11.168.10",445,26,11,15,"10.84.42.134"
"1494621490.000",7501,2353,5148,"10.11.168.10",445,26,11,15,"10.84.42.134"
"1494619690.000",7565,2417,5148,"10.11.168.10",445,27,12,15,"10.84.42.134"
"1494618790.000",7501,2353,5148,"10.11.168.10",445,26,11,15,"10.84.42.134"
"1494616090.000",7501,2353,5148,"10.11.168.10",445,26,11,15,"10.84.42.134"
"1494606625.000",14756,5319,9437,"10.11.168.10",445,55,25,30,"10.84.42.134"
"1494625528.000",14228,4739,9489,"10.11.168.10",445,53,22,31,"10.84.42.134"
"1494600143.000",14228,4803,9425,"10.11.168.10",445,53,23,30,"10.84.42.134"
"1494594489.000",7843,2487,5356,"10.11.168.10",445,29,13,16,"10.84.42.134"
"1494589089.000",7565,2417,5148,"10.11.168.10",445,27,12,15,"10.84.42.134"
"1494626891.000",7565,2417,5148,"10.11.168.10",445,27,12,15,"10.84.42.134"
"1494618987.000",14228,4803,9425,"10.11.168.10",445,53,23,30,"10.84.42.134"
"1494615190.000",7501,2353,5148,"10.11.168.10",445,26,11,15,"10.84.42.134"
"1494469253.000",14100,4739,9361,"10.11.168.10",445,51,22,29,"10.84.42.134"
"1494468484.000",7501,2353,5148,"10.11.168.10",445,26,11,15,"10.84.42.134"
"1494464884.000",7501,2353,5148,"10.11.168.10",445,26,11,15,"10.84.42.134"
"1494274463.000",7501,2353,5148,"10.11.168.10",445,26,11,15,"10.84.42.134"
"1494264008.000",2000,1154,846,"10.83.68.49",445,15,6,9,"10.83.84.244"
"1494264008.000",282,142,140,"10.83.68.49",445,5,2,3,"10.83.84.244"
"1494254662.000",7501,2353,5148,"10.11.168.10",445,26,11,15,"10.84.42.134"
"1494240261.000",7501,2353,5148,"10.11.168.10",445,26,11,15,"10.84.42.134"
"1494239361.000",7501,2353,5148,"10.11.168.10",445,26,11,15,"10.84.42.134"
"1494232161.000",7501,2353,5148,"10.11.168.10",445,26,11,15,"10.84.42.134"
"1494212360.000",7565,2417,5148,"10.11.168.10",445,27,12,15,"10.84.42.134"
"1494206959.000",7501,2353,5148,"10.11.168.10",445,26,11,15,"10.84.42.134"
"1494622390.000",7501,2353,5148,"10.11.168.10",445,26,11,15,"10.84.42.134"
"1494617890.000",7501,2353,5148,"10.11.168.10",445,26,11,15,"10.84.42.134"
"1494614290.000",7501,2353,5148,"10.11.168.10",445,26,11,15,"10.84.42.134"
"1494613390.000",7501,2353,5148,"10.11.168.10",445,26,11,15,"10.84.42.134"
"1494609790.000",7501,2353,5148,"10.11.168.10",445,26,11,15,"10.84.42.134"
"1494610690.000",7565,2417,5148,"10.11.168.10",445,27,12,15,"10.84.42.134"
"1494608890.000",7565,2417,5148,"10.11.168.10",445,27,12,15,"10.84.42.134"
"1494607990.000",7501,2353,5148,"10.11.168.10",445,26,11,15,"10.84.42.134"
"1494606190.000",7501,2353,5148,"10.11.168.10",445,26,11,15,"10.84.42.134"
"1494605290.000",7565,2417,5148,"10.11.168.10",445,27,12,15,"10.84.42.134"
"1494601690.000",7501,2353,5148,"10.11.168.10",445,26,11,15,"10.84.42.134"
"1494600790.000",7501,2353,5148,"10.11.168.10",445,26,11,15,"10.84.42.134"
"1494604390.000",7881,2663,5218,"10.11.168.10",445,28,12,16,"10.84.42.134"
"1494580989.000",7501,2353,5148,"10.11.168.10",445,26,11,15,"10.84.42.134"
"1494580089.000",7501,2353,5148,"10.11.168.10",445,26,11,15,"10.84.42.134"
"1494579189.000",7501,2353,5148,"10.11.168.10",445,26,11,15,"10.84.42.134"
"1494603490.000",7565,2417,5148,"10.11.168.10",445,27,12,15,"10.84.42.134"
"1494599889.000",7501,2353,5148,"10.11.168.10",445,26,11,15,"10.84.42.134"
"1494598989.000",7501,2353,5148,"10.11.168.10",445,26,11,15,"10.84.42.134"
"1494596289.000",7565,2417,5148,"10.11.168.10",445,27,12,15,"10.84.42.134"
"1494595389.000",7501,2353,5148,"10.11.168.10",445,26,11,15,"10.84.42.134"
"1494592689.000",7501,2353,5148,"10.11.168.10",445,26,11,15,"10.84.42.134"
"1494588081.000",14228,4803,9425,"10.11.168.10",445,53,23,30,"10.84.42.134"
"1494578289.000",7565,2417,5148,"10.11.168.10",445,27,12,15,"10.84.42.134"
"1494593589.000",7501,2353,5148,"10.11.168.10",445,26,11,15,"10.84.42.134"
"1494585489.000",7501,2353,5148,"10.11.168.10",445,26,11,15,"10.84.42.134"
"1494583689.000",7565,2353,5212,"10.11.168.10",445,27,11,16,"10.84.42.134"
"1494581889.000",7501,2353,5148,"10.11.168.10",445,26,11,15,"10.84.42.134"
"1494569288.000",7501,2353,5148,"10.11.168.10",445,26,11,15,"10.84.42.134"
"1494568389.000",7501,2353,5148,"10.11.168.10",445,26,11,15,"10.84.42.134"
"1494542471.000",14553,5058,9495,"10.11.168.10",445,54,23,31,"10.84.42.134"
"1494535987.000",7501,2353,5148,"10.11.168.9",445,26,11,15,"10.84.42.134"
"1494589989.000",7501,2353,5148,"10.11.168.10",445,26,11,15,"10.84.42.134"
"1494587289.000",7881,2663,5218,"10.11.168.10",445,28,12,16,"10.84.42.134"
"1494591789.000",7501,2353,5148,"10.11.168.10",445,26,11,15,"10.84.42.134"
"1494590889.000",7501,2353,5148,"10.11.168.10",445,26,11,15,"10.84.42.134"
"1494586389.000",7501,2353,5148,"10.11.168.10",445,26,11,15,"10.84.42.134"
"1494581299.000",14100,4739,9361,"10.11.168.10",445,51,22,29,"10.84.42.134"
"1494576489.000",7501,2353,5148,"10.11.168.10",445,26,11,15,"10.84.42.134"
"1494573788.000",7501,2353,5148,"10.11.168.10",445,26,11,15,"10.84.42.134"
"1494571088.000",7565,2417,5148,"10.11.168.10",445,27,12,15,"10.84.42.134"
"1494568636.000",22037,9565,12472,"10.11.168.10",445,76,34,42,"10.84.42.134"
"1494571989.000",7501,2353,5148,"10.11.168.10",445,26,11,15,"10.84.42.134"
"1494565688.000",7501,2353,5148,"10.11.168.10",445,26,11,15,"10.84.42.134"
"1494564788.000",7501,2353,5148,"10.11.168.10",445,26,11,15,"10.84.42.134"
"1494557588.000",7501,2353,5148,"10.11.168.10",445,26,11,15,"10.84.42.134"
"1494555793.000",20016,6076,13940,"10.11.168.10",445,69,29,40,"10.84.42.134"
"1494548712.000",14228,4803,9425,"10.11.168.10",445,53,23,30,"10.84.42.134"
"1494537787.000",7501,2353,5148,"10.11.168.9",445,26,11,15,"10.84.42.134"
"1494535087.000",7501,2353,5148,"10.11.168.9",445,26,11,15,"10.84.42.134"
"1494575418.000",14228,4803,9425,"10.11.168.10",445,53,23,30,"10.84.42.134"
"1494570188.000",7501,2353,5148,"10.11.168.10",445,26,11,15,"10.84.42.134"
"1494567488.000",7565,2417,5148,"10.11.168.10",445,27,12,15,"10.84.42.134"
"1494562088.000",7565,2417,5148,"10.11.168.10",445,27,12,15,"10.84.42.134"
"1494562035.000",14100,4739,9361,"10.11.168.10",445,51,22,29,"10.84.42.134"
"1494546787.000",7501,2353,5148,"10.11.168.10",445,26,11,15,"10.84.42.134"
"1494536289.000",14164,4739,9425,"10.11.168.9",445,52,22,30,"10.84.42.134"
"1494534187.000",7501,2353,5148,"10.11.168.9",445,26,11,15,"10.84.42.134"
"1494525187.000",7501,2353,5148,"10.11.168.9",445,26,11,15,"10.84.42.134"
"1494520686.000",7565,2353,5212,"10.11.168.9",445,27,11,16,"10.84.42.134"
"1494517086.000",7501,2353,5148,"10.11.168.9",445,26,11,15,"10.84.42.134"
"1494513486.000",7565,2417,5148,"10.11.168.9",445,27,12,15,"10.84.42.134"
"1494512586.000",7501,2353,5148,"10.11.168.9",445,26,11,15,"10.84.42.134"
"1494508986.000",7501,2353,5148,"10.11.168.9",445,26,11,15,"10.84.42.134"
"1494575589.000",7501,2353,5148,"10.11.168.10",445,26,11,15,"10.84.42.134"
"1494574688.000",7565,2417,5148,"10.11.168.10",445,27,12,15,"10.84.42.134"
"1494550388.000",7501,2353,5148,"10.11.168.10",445,26,11,15,"10.84.42.134"
"1494547687.000",7565,2417,5148,"10.11.168.10",445,27,12,15,"10.84.42.134"
"1494545887.000",7565,2417,5148,"10.11.168.10",445,27,12,15,"10.84.42.134"
"1494498185.000",7501,2353,5148,"10.11.168.10",445,26,11,15,"10.84.42.134"
"1494493685.000",7501,2353,5148,"10.11.168.10",445,26,11,15,"10.84.42.134"
"1494487385.000",7565,2417,5148,"10.11.168.10",445,27,12,15,"10.84.42.134"
"1494483785.000",7501,2353,5148,"10.11.168.10",445,26,11,15,"10.84.42.134"
"1494481985.000",7565,2417,5148,"10.11.168.10",445,27,12,15,"10.84.42.134"
"1494481084.000",7501,2353,5148,"10.11.168.10",445,26,11,15,"10.84.42.134"
"1494262870.000",2000,1154,846,"10.83.68.49",445,15,6,9,"10.83.84.244"
"1494262870.000",352,212,140,"10.83.68.49",445,6,3,3,"10.83.84.244"
"1494262870.000",282,142,140,"10.83.185.3",445,5,2,3,"10.83.84.244"
"1494262870.000",2008,1162,846,"10.83.185.3",445,15,6,9,"10.83.84.244"
"1494261919.000",352,212,140,"10.83.68.49",445,6,3,3,"10.83.84.244"
"1494563888.000",7565,2417,5148,"10.11.168.10",445,27,12,15,"10.84.42.134"
"1494562988.000",7501,2353,5148,"10.11.168.10",445,26,11,15,"10.84.42.134"
"1494561188.000",7501,2353,5148,"10.11.168.10",445,26,11,15,"10.84.42.134"
"1494560288.000",7565,2417,5148,"10.11.168.10",445,27,12,15,"10.84.42.134"
"1494559388.000",7500,2353,5147,"10.11.168.10",445,26,11,15,"10.84.42.134"
"1494556688.000",7501,2353,5148,"10.11.168.10",445,26,11,15,"10.84.42.134"
"1494553088.000",7501,2353,5148,"10.11.168.10",445,26,11,15,"10.84.42.134"
"1494552188.000",7501,2353,5148,"10.11.168.10",445,26,11,15,"10.84.42.134"
"1494551288.000",7565,2417,5148,"10.11.168.10",445,27,12,15,"10.84.42.134"
"1494544987.000",7501,2353,5148,"10.11.168.10",445,26,11,15,"10.84.42.134"
"1494543187.000",7501,2353,5148,"10.11.168.10",445,26,11,15,"10.84.42.134"
"1494542287.000",7565,2417,5148,"10.11.168.9",445,27,12,15,"10.84.42.134"
"1494538687.000",7565,2417,5148,"10.11.168.9",445,27,12,15,"10.84.42.134"
"1494558488.000",7501,2353,5148,"10.11.168.10",445,26,11,15,"10.84.42.134"
"1494549488.000",9025,2359,6666,"10.11.168.10",445,27,11,16,"10.84.42.134"
"1494548587.000",7565,2353,5212,"10.11.168.10",445,27,11,16,"10.84.42.134"
"1494536887.000",7565,2417,5148,"10.11.168.9",445,27,12,15,"10.84.42.134"
"1494530587.000",7501,2353,5148,"10.11.168.9",445,26,11,15,"10.84.42.134"
"1494421682.000",7499,2352,5147,"10.11.168.9",445,26,11,15,"10.84.42.134"
"1494408238.000",14228,4803,9425,"10.11.168.10",445,53,23,30,"10.84.42.134"
"1494533287.000",7501,2353,5148,"10.11.168.9",445,26,11,15,"10.84.42.134"
"1494530228.000",14292,4867,9425,"10.11.168.9",445,54,24,30,"10.84.42.134"
"1494524407.000",14228,4803,9425,"10.11.168.9",445,53,23,30,"10.84.42.134"
"1494523386.000",7501,2353,5148,"10.11.168.9",445,26,11,15,"10.84.42.134"
"1494521586.000",7501,2353,5148,"10.11.168.9",445,26,11,15,"10.84.42.134"
"1494526987.000",7565,2417,5148,"10.11.168.9",445,27,12,15,"10.84.42.134"
"1493973848.000",7501,2353,5148,"10.11.168.10",445,26,11,15,"10.84.42.134"
"1493954947.000",7501,2353,5148,"10.11.168.10",445,26,11,15,"10.84.42.134"
"1493954047.000",7501,2353,5148,"10.11.168.10",445,26,11,15,"10.84.42.134"
"1493933346.000",7501,2353,5148,"10.11.168.10",445,26,11,15,"10.84.42.134"
"1493931546.000",7565,2417,5148,"10.11.168.10",445,27,12,15,"10.84.42.134"
"1493911030.000",14100,4739,9361,"10.11.168.10",445,51,22,29,"10.84.42.134"
"1493909945.000",7565,2417,5148,"10.11.168.10",445,27,12,15,"10.84.42.134"
"1493905089.000",14164,4739,9425,"10.11.168.10",445,52,22,30,"10.84.42.134"
"1493867643.000",7501,2353,5148,"10.11.168.10",445,26,11,15,"10.84.42.134"
"1493866743.000",7565,2417,5148,"10.11.168.10",445,27,12,15,"10.84.42.134"
"1493855042.000",7501,2353,5148,"10.11.168.10",445,26,11,15,"10.84.42.134"
"1493848742.000",7565,2417,5148,"10.11.168.10",445,27,12,15,"10.84.42.134"
"1493817240.000",7500,2352,5148,"10.11.168.10",445,26,11,15,"10.84.42.134"
"1493814067.000",105796,41224,64572,"10.11.168.10",445,393,194,199,"10.84.42.134"
"1493814033.000",23284,8906,14378,"10.11.168.10",445,69,29,40,"10.84.42.134"
"1493802839.000",7501,2353,5148,"10.11.168.9",445,26,11,15,"10.84.42.134"
"1493801939.000",7881,2663,5218,"10.11.168.9",445,28,12,16,"10.84.42.134"
"1493793839.000",7501,2353,5148,"10.11.168.9",445,26,11,15,"10.84.42.134"
"1493774017.000",7501,2353,5148,"10.11.168.9",445,26,11,15,"10.84.42.134"
"1494529687.000",7501,2353,5148,"10.11.168.9",445,26,11,15,"10.84.42.134"
"1494528787.000",7501,2353,5148,"10.11.168.9",445,26,11,15,"10.84.42.134"
"1494509886.000",7501,2353,5148,"10.11.168.9",445,26,11,15,"10.84.42.134"
"1494507186.000",7501,2353,5148,"10.11.168.9",445,26,11,15,"10.84.42.134"
"1494500885.000",7629,2481,5148,"10.11.168.9",445,28,13,15,"10.84.42.134"
"1494497285.000",7501,2353,5148,"10.11.168.10",445,26,11,15,"10.84.42.134"
"1494492785.000",7565,2417,5148,"10.11.168.10",445,27,12,15,"10.84.42.134"
"1494480184.000",7565,2353,5212,"10.11.168.10",445,27,11,16,"10.84.42.134"
"1494473884.000",7501,2353,5148,"10.11.168.10",445,26,11,15,"10.84.42.134"
"1494472984.000",7501,2353,5148,"10.11.168.10",445,26,11,15,"10.84.42.134"
"1494519786.000",7501,2353,5148,"10.11.168.9",445,26,11,15,"10.84.42.134"
"1494519482.000",62,0,62,"10.77.180.102",445,1,0,1,"10.84.42.231"
"1494519476.000",132,0,132,"10.77.180.102",445,2,0,2,"10.84.42.231"
"1494518887.000",7501,2353,5148,"10.11.168.9",445,26,11,15,"10.84.42.134"
"1494517926.000",14672,5113,9559,"10.11.168.9",445,56,24,32,"10.84.42.134"
"1494516186.000",7501,2353,5148,"10.11.168.9",445,26,11,15,"10.84.42.134"
"1494514386.000",7565,2353,5212,"10.11.168.9",445,27,11,16,"10.84.42.134"
"1494511686.000",7501,2353,5148,"10.11.168.9",445,26,11,15,"10.84.42.134"
"1494510904.000",14164,4739,9425,"10.11.168.9",445,52,22,30,"10.84.42.134"
"1494510786.000",7501,2353,5148,"10.11.168.9",445,26,11,15,"10.84.42.134"
"1494508086.000",7945,2727,5218,"10.11.168.9",445,29,13,16,"10.84.42.134"
"1494506286.000",7501,2353,5148,"10.11.168.9",445,26,11,15,"10.84.42.134"
"1494504780.000",21489,9087,12402,"10.11.168.9",445,73,32,41,"10.84.42.134"
"1494502686.000",7501,2353,5148,"10.11.168.9",445,26,11,15,"10.84.42.134"
"1494501786.000",7501,2353,5148,"10.11.168.9",445,26,11,15,"10.84.42.134"
"1494499085.000",7501,2353,5148,"10.11.168.10",445,26,11,15,"10.84.42.134"
"1494496385.000",7501,2353,5148,"10.11.168.10",445,26,11,15,"10.84.42.134"
"1494492658.000",14100,4739,9361,"10.11.168.10",445,51,22,29,"10.84.42.134"
"1494486897.000",14228,4803,9425,"10.11.168.10",445,53,23,30,"10.84.42.134"
"1494482885.000",7501,2353,5148,"10.11.168.10",445,26,11,15,"10.84.42.134"
"1493763217.000",7501,2353,5148,"10.11.168.9",445,26,11,15,"10.84.42.134"
"1493747241.000",282,142,140,"10.83.68.215",445,5,2,3,"10.83.84.244"
"1493747241.000",1992,1146,846,"10.83.68.215",445,15,6,9,"10.83.84.244"
"1493703832.000",3032276516,3023586795,8689721,"10.188.60.18",445,2108515,1993788,114727,"10.84.42.134"
"1493702913.000",7565,2417,5148,"10.11.168.10",445,27,12,15,"10.84.42.134"
"1493697513.000",7713,2495,5218,"10.11.168.10",445,28,12,16,"10.84.42.134"
"1493694813.000",7501,2353,5148,"10.11.168.10",445,26,11,15,"10.84.42.134"
"1494494585.000",7565,2417,5148,"10.11.168.10",445,27,12,15,"10.84.42.134"
"1494490085.000",7501,2353,5148,"10.11.168.10",445,26,11,15,"10.84.42.134"
"1494488285.000",7565,2417,5148,"10.11.168.10",445,27,12,15,"10.84.42.134"
"1494486485.000",7501,2353,5148,"10.11.168.10",445,26,11,15,"10.84.42.134"
"1494485585.000",7565,2417,5148,"10.11.168.10",445,27,12,15,"10.84.42.134"
"1494484685.000",7501,2353,5148,"10.11.168.10",445,26,11,15,"10.84.42.134"
"1494481255.000",14164,4739,9425,"10.11.168.10",445,52,22,30,"10.84.42.134"
"1494477484.000",7501,2353,5148,"10.11.168.10",445,26,11,15,"10.84.42.134"
"1494476584.000",7565,2417,5148,"10.11.168.10",445,27,12,15,"10.84.42.134"
"1494455883.000",7565,2353,5212,"10.11.168.10",445,27,11,16,"10.84.42.134"
"1494443282.000",7500,2352,5148,"10.11.168.9",445,26,11,15,"10.84.42.134"
"1494432806.000",356,216,140,"10.83.65.91",445,6,3,3,"10.83.84.244"
"1494432486.000",1987,1141,846,"10.83.134.91",445,15,6,9,"10.83.84.244"
"1494431911.000",216,156,60,"10.83.3.150",445,4,2,2,"10.83.84.244"
"1494431906.000",82,0,82,"136.98.40.1",445,1,0,1,"10.83.84.244"
"1494431775.000",282,142,140,"10.83.3.150",445,5,2,3,"10.83.84.244"
"1494431775.000",352,212,140,"10.83.134.91",445,6,3,3,"10.83.84.244"
"1494431775.000",2008,1162,846,"10.83.3.150",445,15,6,9,"10.83.84.244"
"1494431775.000",1987,1141,846,"10.83.134.91",445,15,6,9,"10.83.84.244"
"1494418081.000",7498,2352,5146,"10.11.168.9",445,26,11,15,"10.84.42.134"
"1494395969.000",7501,2353,5148,"10.11.168.10",445,26,11,15,"10.84.42.134"
"1494475554.000",14440,5009,9431,"10.11.168.10",445,54,24,30,"10.84.42.134"
"1494472084.000",7501,2353,5148,"10.11.168.10",445,26,11,15,"10.84.42.134"
"1494471184.000",7501,2353,5148,"10.11.168.10",445,26,11,15,"10.84.42.134"
"1494463852.000",14100,4739,9361,"10.11.168.10",445,51,22,29,"10.84.42.134"
"1494445983.000",7629,2417,5212,"10.11.168.9",445,28,12,16,"10.84.42.134"
"1494444182.000",7501,2353,5148,"10.11.168.9",445,26,11,15,"10.84.42.134"
"1494432123.000",138,78,60,"10.83.3.150",445,3,1,2,"10.83.84.244"
"1494432118.000",82,0,82,"136.98.40.1",445,1,0,1,"10.83.84.244"
"1494432007.000",82,0,82,"136.98.40.1",445,1,0,1,"10.83.84.244"
"1494427982.000",7563,2416,5147,"10.11.168.9",445,27,12,15,"10.84.42.134"
"1494412681.000",7563,2352,5211,"10.11.168.9",445,27,11,16,"10.84.42.134"
"1494411781.000",7563,2352,5211,"10.11.168.9",445,27,11,16,"10.84.42.134"
"1494404970.000",7501,2353,5148,"10.11.168.10",445,26,11,15,"10.84.42.134"
"1494395636.000",14228,4803,9425,"10.11.168.10",445,53,23,30,"10.84.42.134"
"1494391469.000",7501,2353,5148,"10.11.168.10",445,26,11,15,"10.84.42.134"
"1494370258.000",138,78,60,"10.83.3.206",445,3,1,2,"10.83.84.244"
"1494469384.000",8073,2679,5394,"10.11.168.10",445,29,12,17,"10.84.42.134"
"1494467584.000",8137,2743,5394,"10.11.168.10",445,30,13,17,"10.84.42.134"
"1494454083.000",7501,2353,5148,"10.11.168.9",445,26,11,15,"10.84.42.134"
"1494450289.000",14228,4803,9425,"10.11.168.9",445,53,23,30,"10.84.42.134"
"1494447783.000",7501,2353,5148,"10.11.168.9",445,26,11,15,"10.84.42.134"
"1494438782.000",7565,2353,5212,"10.11.168.9",445,27,11,16,"10.84.42.134"
"1494453183.000",8137,2743,5394,"10.11.168.9",445,30,13,17,"10.84.42.134"
"1494451383.000",8073,2679,5394,"10.11.168.9",445,29,12,17,"10.84.42.134"
"1494450483.000",7501,2353,5148,"10.11.168.9",445,26,11,15,"10.84.42.134"
"1494444107.000",21425,9087,12338,"10.11.168.9",445,72,32,40,"10.84.42.134"
"1494437882.000",7501,2353,5148,"10.11.168.9",445,26,11,15,"10.84.42.134"
"1494436982.000",7565,2417,5148,"10.11.168.9",445,27,12,15,"10.84.42.134"
"1494434825.000",2004,1158,846,"10.83.29.103",445,15,6,9,"10.83.84.244"
"1494434825.000",352,212,140,"10.83.134.91",445,6,3,3,"10.83.84.244"
"1494434717.000",82,0,82,"136.98.40.1",445,1,0,1,"10.83.84.244"
"1494434282.000",7499,2352,5147,"10.11.168.9",445,26,11,15,"10.84.42.134"
"1494433382.000",7499,2352,5147,"10.11.168.9",445,26,11,15,"10.84.42.134"
"1494432089.000",1987,1141,846,"10.83.134.91",445,15,6,9,"10.83.84.244"
"1494432089.000",352,212,140,"10.83.134.91",445,6,3,3,"10.83.84.244"
"1494431983.000",352,212,140,"10.83.134.91",445,6,3,3,"10.83.84.244"
"1494431983.000",1987,1141,846,"10.83.134.91",445,15,6,9,"10.83.84.244"
"1494431978.000",138,78,60,"10.83.3.150",445,3,1,2,"10.83.84.244"
"1494431973.000",82,0,82,"136.98.40.1",445,1,0,1,"10.83.84.244"
"1494431939.000",82,0,82,"136.98.40.1",445,1,0,1,"10.83.84.244"
"1494431582.000",7879,2662,5217,"10.11.168.9",445,28,12,16,"10.84.42.134"
"1494428882.000",7499,2352,5147,"10.11.168.9",445,26,11,15,"10.84.42.134"
"1494417181.000",7563,2416,5147,"10.11.168.9",445,27,12,15,"10.84.42.134"
"1494413581.000",7563,2416,5147,"10.11.168.9",445,27,12,15,"10.84.42.134"
"1494411759.000",7416,2352,5064,"10.11.168.10",445,27,11,16,"10.84.42.134"
"1494403169.000",7501,2353,5148,"10.11.168.10",445,26,11,15,"10.84.42.134"
"1494401369.000",7501,2353,5148,"10.11.168.10",445,26,11,15,"10.84.42.134"
"1494390569.000",7501,2353,5148,"10.11.168.10",445,26,11,15,"10.84.42.134"
"1494384268.000",7501,2353,5148,"10.11.168.10",445,26,11,15,"10.84.42.134"
"1494383393.000",21425,9087,12338,"10.11.168.10",445,72,32,40,"10.84.42.134"
"1494383368.000",7564,2417,5147,"10.11.168.10",445,27,12,15,"10.84.42.134"
"1494382468.000",7501,2353,5148,"10.11.168.10",445,26,11,15,"10.84.42.134"
"1494380668.000",7501,2353,5148,"10.11.168.10",445,26,11,15,"10.84.42.134"
"1494369867.000",7501,2353,5148,"10.11.168.10",445,26,11,15,"10.84.42.134"
"1494368967.000",7565,2417,5148,"10.11.168.10",445,27,12,15,"10.84.42.134"
"1494367167.000",7565,2353,5212,"10.11.168.10",445,27,11,16,"10.84.42.134"
"1494350967.000",7501,2353,5148,"10.11.168.10",445,26,11,15,"10.84.42.134"
"1494350241.000",138,78,60,"10.83.3.206",445,3,1,2,"10.83.84.244"
"1494350240.000",138,78,60,"10.83.204.138",445,3,1,2,"10.83.84.244"
"1494349863.000",138,78,60,"10.83.204.138",445,3,1,2,"10.83.84.244"
"1494349863.000",138,78,60,"10.83.3.206",445,3,1,2,"10.83.84.244"
"1494349725.000",286,146,140,"10.83.65.91",445,5,2,3,"10.83.84.244"
"1494349725.000",1986,1140,846,"10.83.65.91",445,15,6,9,"10.83.84.244"
"1494342866.000",7501,2353,5148,"10.11.168.10",445,26,11,15,"10.84.42.134"
"1494340166.000",7501,2353,5148,"10.11.168.10",445,26,11,15,"10.84.42.134"
"1494339266.000",7565,2353,5212,"10.11.168.10",445,27,11,16,"10.84.42.134"
"1494435182.000",7499,2352,5147,"10.11.168.9",445,26,11,15,"10.84.42.134"
"1494434741.000",352,212,140,"10.83.29.103",445,6,3,3,"10.83.84.244"
"1494434741.000",2004,1158,846,"10.83.29.103",445,15,6,9,"10.83.84.244"
"1494434741.000",352,212,140,"10.83.134.91",445,6,3,3,"10.83.84.244"
"1494434741.000",1987,1141,846,"10.83.134.91",445,15,6,9,"10.83.84.244"
"1494434731.000",82,0,82,"136.98.40.1",445,1,0,1,"10.83.84.244"
"1494433437.000",82,0,82,"136.98.40.1",445,1,0,1,"10.83.84.244"
"1494432156.000",82,0,82,"136.98.40.1",445,1,0,1,"10.83.84.244"
"1494432042.000",82,0,82,"136.98.40.1",445,1,0,1,"10.83.84.244"
"1494424382.000",7499,2352,5147,"10.11.168.9",445,26,11,15,"10.84.42.134"
"1494422582.000",7499,2352,5147,"10.11.168.9",445,26,11,15,"10.84.42.134"
"1494419881.000",7499,2352,5147,"10.11.168.9",445,26,11,15,"10.84.42.134"
"1494414482.000",7499,2352,5147,"10.11.168.9",445,26,11,15,"10.84.42.134"
"1494407669.000",7501,2353,5148,"10.11.168.10",445,26,11,15,"10.84.42.134"
"1494379768.000",7501,2353,5148,"10.11.168.10",445,26,11,15,"10.84.42.134"
"1494378868.000",7501,2353,5148,"10.11.168.10",445,26,11,15,"10.84.42.134"
"1494373468.000",7565,2353,5212,"10.11.168.10",445,27,11,16,"10.84.42.134"
"1494364669.000",14100,4739,9361,"10.11.168.10",445,51,22,29,"10.84.42.134"
"1494345765.000",14228,4803,9425,"10.11.168.10",445,53,23,30,"10.84.42.134"
"1494432797.000",82,0,82,"136.98.40.1",445,1,0,1,"10.83.84.244"
"1494432166.000",282,142,140,"10.83.3.150",445,5,2,3,"10.83.84.244"
"1494432079.000",82,0,82,"136.98.40.1",445,1,0,1,"10.83.84.244"
"1494432053.000",282,142,140,"10.83.3.150",445,5,2,3,"10.83.84.244"
"1494432053.000",2008,1162,846,"10.83.3.150",445,15,6,9,"10.83.84.244"
"1494432052.000",352,212,140,"10.83.134.91",445,6,3,3,"10.83.84.244"
"1494432052.000",1987,1141,846,"10.83.134.91",445,15,6,9,"10.83.84.244"
"1494432017.000",352,212,140,"10.83.3.150",445,6,3,3,"10.83.84.244"
"1494432017.000",1987,1141,846,"10.83.134.91",445,15,6,9,"10.83.84.244"
"1494432017.000",2008,1162,846,"10.83.3.150",445,15,6,9,"10.83.84.244"
"1494432017.000",352,212,140,"10.83.134.91",445,6,3,3,"10.83.84.244"
"1494431808.000",352,212,140,"10.83.134.91",445,6,3,3,"10.83.84.244"
"1494431807.000",1987,1141,846,"10.83.134.91",445,15,6,9,"10.83.84.244"
"1494430682.000",7499,2352,5147,"10.11.168.9",445,26,11,15,"10.84.42.134"
"1494429782.000",7563,2416,5147,"10.11.168.9",445,27,12,15,"10.84.42.134"
"1494427822.000",82,0,82,"136.98.40.1",445,1,0,1,"10.83.84.244"
"1494427082.000",7499,2352,5147,"10.11.168.9",445,26,11,15,"10.84.42.134"
"1494426182.000",7563,2416,5147,"10.11.168.9",445,27,12,15,"10.84.42.134"
"1494424663.000",14226,4802,9424,"10.11.168.9",445,53,23,30,"10.84.42.134"
"1494418981.000",7563,2416,5147,"10.11.168.9",445,27,12,15,"10.84.42.134"
"1494418782.000",14226,4802,9424,"10.11.168.9",445,53,23,30,"10.84.42.134"
"1494416281.000",7499,2352,5147,"10.11.168.9",445,26,11,15,"10.84.42.134"
"1494415381.000",7563,2416,5147,"10.11.168.9",445,27,12,15,"10.84.42.134"
"1494411270.000",7565,2353,5212,"10.11.168.10",445,27,11,16,"10.84.42.134"
"1494410370.000",7501,2353,5148,"10.11.168.10",445,26,11,15,"10.84.42.134"
"1494409469.000",7501,2353,5148,"10.11.168.10",445,26,11,15,"10.84.42.134"
"1494405869.000",7501,2353,5148,"10.11.168.10",445,26,11,15,"10.84.42.134"
"1494399569.000",7565,2353,5212,"10.11.168.10",445,27,11,16,"10.84.42.134"
"1494398669.000",7501,2353,5148,"10.11.168.10",445,26,11,15,"10.84.42.134"
"1494396869.000",7501,2353,5148,"10.11.168.10",445,26,11,15,"10.84.42.134"
"1494395069.000",7501,2353,5148,"10.11.168.10",445,26,11,15,"10.84.42.134"
"1494393269.000",7501,2353,5148,"10.11.168.10",445,26,11,15,"10.84.42.134"
"1494392369.000",7501,2353,5148,"10.11.168.10",445,26,11,15,"10.84.42.134"
"1494370359.000",138,78,60,"10.83.3.206",445,3,1,2,"10.83.84.244"
"1494359967.000",7565,2417,5148,"10.11.168.10",445,27,12,15,"10.84.42.134"
"1494388974.000",14164,4739,9425,"10.11.168.10",445,52,22,30,"10.84.42.134"
"1494388768.000",7565,2417,5148,"10.11.168.10",445,27,12,15,"10.84.42.134"
"1494386068.000",7501,2353,5148,"10.11.168.10",445,26,11,15,"10.84.42.134"
"1494381568.000",7565,2417,5148,"10.11.168.10",445,27,12,15,"10.84.42.134"
"1494377068.000",7501,2353,5148,"10.11.168.10",445,26,11,15,"10.84.42.134"
"1494370768.000",7565,2417,5148,"10.11.168.10",445,27,12,15,"10.84.42.134"
"1494370295.000",138,78,60,"10.83.3.206",445,3,1,2,"10.83.84.244"
"1494368067.000",7501,2353,5148,"10.11.168.10",445,26,11,15,"10.84.42.134"
"1494362667.000",7501,2353,5148,"10.11.168.10",445,26,11,15,"10.84.42.134"
"1494361767.000",7501,2353,5148,"10.11.168.10",445,26,11,15,"10.84.42.134"
"1494357267.000",7501,2353,5148,"10.11.168.10",445,26,11,15,"10.84.42.134"
"1494351867.000",7501,2353,5148,"10.11.168.10",445,26,11,15,"10.84.42.134"
"1494351646.000",14228,4803,9425,"10.11.168.10",445,53,23,30,"10.84.42.134"
"1494341966.000",7501,2353,5148,"10.11.168.10",445,26,11,15,"10.84.42.134"
"1494338366.000",7565,2417,5148,"10.11.168.10",445,27,12,15,"10.84.42.134"
"1494336566.000",7565,2417,5148,"10.11.168.10",445,27,12,15,"10.84.42.134"
"1494130455.000",7501,2353,5148,"10.11.168.10",445,26,11,15,"10.84.42.134"
"1494127755.000",7501,2353,5148,"10.11.168.10",445,26,11,15,"10.84.42.134"
"1494125055.000",7501,2353,5148,"10.11.168.10",445,26,11,15,"10.84.42.134"
"1494120555.000",7565,2417,5148,"10.11.168.10",445,27,12,15,"10.84.42.134"
"1494107954.000",7501,2353,5148,"10.11.168.10",445,26,11,15,"10.84.42.134"
"1494359247.000",82,0,82,"136.98.215.1",445,1,0,1,"10.83.84.244"
"1494359247.000",82,0,82,"136.98.125.1",445,1,0,1,"10.83.84.244"
"1494359247.000",82,0,82,"10.58.31.1",445,1,0,1,"10.83.84.244"
"1494359247.000",82,0,82,"58.83.26.1",445,1,0,1,"10.83.84.244"
"1494359247.000",82,0,82,"10.60.125.1",445,1,0,1,"10.83.84.244"
"1494359247.000",82,0,82,"136.98.66.1",445,1,0,1,"10.83.84.244"
"1494359247.000",82,0,82,"58.83.209.1",445,1,0,1,"10.83.84.244"
"1494359247.000",82,0,82,"136.98.40.1",445,1,0,1,"10.83.84.244"
"1494358547.000",14164,4739,9425,"10.11.168.10",445,52,22,30,"10.84.42.134"
"1494358167.000",7565,2417,5148,"10.11.168.10",445,27,12,15,"10.84.42.134"
"1494352767.000",7565,2417,5148,"10.11.168.10",445,27,12,15,"10.84.42.134"
"1494350160.000",138,78,60,"10.83.204.138",445,3,1,2,"10.83.84.244"
"1494350080.000",138,78,60,"10.83.3.206",445,3,1,2,"10.83.84.244"
"1494346466.000",7501,2353,5148,"10.11.168.10",445,26,11,15,"10.84.42.134"
"1494330265.000",7501,2353,5148,"10.11.168.10",445,26,11,15,"10.84.42.134"
"1494329365.000",7501,2353,5148,"10.11.168.10",445,26,11,15,"10.84.42.134"
"1494314065.000",7565,2417,5148,"10.11.168.10",445,27,12,15,"10.84.42.134"
"1494312265.000",7501,2353,5148,"10.11.168.10",445,26,11,15,"10.84.42.134"
"1494311365.000",7501,2353,5148,"10.11.168.10",445,26,11,15,"10.84.42.134"
"1494308664.000",7565,2417,5148,"10.11.168.10",445,27,12,15,"10.84.42.134"
"1494306864.000",7501,2353,5148,"10.11.168.10",445,26,11,15,"10.84.42.134"
"1494305064.000",7881,2663,5218,"10.11.168.10",445,28,12,16,"10.84.42.134"
"1494302135.000",14800,5129,9671,"10.11.168.10",445,56,24,32,"10.84.42.134"
"1494301464.000",7501,2353,5148,"10.11.168.10",445,26,11,15,"10.84.42.134"
"1494295474.000",14228,4803,9425,"10.11.168.10",445,53,23,30,"10.84.42.134"
"1494295164.000",7565,2417,5148,"10.11.168.10",445,27,12,15,"10.84.42.134"
"1494294264.000",7501,2353,5148,"10.11.168.10",445,26,11,15,"10.84.42.134"
"1494359067.000",7501,2353,5148,"10.11.168.10",445,26,11,15,"10.84.42.134"
"1494354567.000",7565,2417,5148,"10.11.168.10",445,27,12,15,"10.84.42.134"
"1494350406.000",352,212,140,"10.83.204.138",445,6,3,3,"10.83.84.244"
"1494350041.000",138,78,60,"10.83.3.206",445,3,1,2,"10.83.84.244"
"1494350009.000",282,142,140,"10.83.3.206",445,5,2,3,"10.83.84.244"
"1494350009.000",1987,1141,846,"10.83.3.206",445,15,6,9,"10.83.84.244"
"1494350008.000",2000,1154,846,"10.83.204.138",445,15,6,9,"10.83.84.244"
"1494350008.000",282,142,140,"10.83.204.138",445,5,2,3,"10.83.84.244"
"1494349967.000",138,78,60,"10.83.3.206",445,3,1,2,"10.83.84.244"
"1494349967.000",138,78,60,"10.83.204.138",445,3,1,2,"10.83.84.244"
"1494349827.000",138,78,60,"10.83.3.206",445,3,1,2,"10.83.84.244"
"1494349692.000",352,212,140,"10.83.3.206",445,6,3,3,"10.83.84.244"
"1494349691.000",356,216,140,"10.83.65.91",445,6,3,3,"10.83.84.244"
"1494349691.000",1986,1140,846,"10.83.65.91",445,15,6,9,"10.83.84.244"
"1494348266.000",7501,2353,5148,"10.11.168.10",445,26,11,15,"10.84.42.134"
"1494345566.000",7565,2417,5148,"10.11.168.10",445,27,12,15,"10.84.42.134"
"1494341066.000",7501,2353,5148,"10.11.168.10",445,26,11,15,"10.84.42.134"
"1494337466.000",7565,2417,5148,"10.11.168.10",445,27,12,15,"10.84.42.134"
"1494334766.000",7501,2353,5148,"10.11.168.10",445,26,11,15,"10.84.42.134"
"1494333866.000",7501,2353,5148,"10.11.168.10",445,26,11,15,"10.84.42.134"
"1494331165.000",7501,2353,5148,"10.11.168.10",445,26,11,15,"10.84.42.134"
"1494328466.000",7501,2353,5148,"10.11.168.10",445,26,11,15,"10.84.42.134"
"1494327566.000",7501,2353,5148,"10.11.168.10",445,26,11,15,"10.84.42.134"
"1494326681.000",19952,6076,13876,"10.11.168.10",445,68,29,39,"10.84.42.134"
"1494325765.000",7501,2353,5148,"10.11.168.10",445,26,11,15,"10.84.42.134"
"1494323065.000",7565,2417,5148,"10.11.168.10",445,27,12,15,"10.84.42.134"
"1494322165.000",7501,2353,5148,"10.11.168.10",445,26,11,15,"10.84.42.134"
"1494320169.000",2363463,662247,1701216,"10.188.60.18",445,6850,3183,3667,"10.84.42.134"
"1494317665.000",7501,2353,5148,"10.11.168.10",445,26,11,15,"10.84.42.134"
"1494316765.000",7565,2417,5148,"10.11.168.10",445,27,12,15,"10.84.42.134"
"1494323965.000",7501,2353,5148,"10.11.168.10",445,26,11,15,"10.84.42.134"
"1494318565.000",7565,2417,5148,"10.11.168.10",445,27,12,15,"10.84.42.134"
"1494307266.000",89007,9630,79377,"10.188.60.18",445,154,64,90,"10.84.42.134"
"1494307260.000",88229,36914,51315,"10.11.168.10",445,343,170,173,"10.84.42.134"
"1494297864.000",7501,2353,5148,"10.11.168.10",445,26,11,15,"10.84.42.134"
"1494293364.000",7565,2417,5148,"10.11.168.10",445,27,12,15,"10.84.42.134"
"1494284363.000",7565,2417,5148,"10.11.168.10",445,27,12,15,"10.84.42.134"
"1494277163.000",7565,2417,5148,"10.11.168.10",445,27,12,15,"10.84.42.134"
"1494265462.000",7501,2353,5148,"10.11.168.10",445,26,11,15,"10.84.42.134"
"1494259454.000",2008,1162,846,"10.83.185.3",445,15,6,9,"10.83.84.244"
"1494259454.000",352,212,140,"10.83.68.49",445,6,3,3,"10.83.84.244"
"1494259454.000",2000,1154,846,"10.83.68.49",445,15,6,9,"10.83.84.244"
"1494259454.000",352,212,140,"10.83.185.3",445,6,3,3,"10.83.84.244"
"1494259330.000",352,212,140,"10.83.185.3",445,6,3,3,"10.83.84.244"
"1494259330.000",2000,1154,846,"10.83.68.49",445,15,6,9,"10.83.84.244"
"1494259330.000",2008,1162,846,"10.83.185.3",445,15,6,9,"10.83.84.244"
"1494259330.000",352,212,140,"10.83.68.49",445,6,3,3,"10.83.84.244"
"1494257836.000",282,142,140,"10.83.68.49",445,5,2,3,"10.83.84.244"
"1494257836.000",2008,1162,846,"10.83.185.3",445,15,6,9,"10.83.84.244"
"1494257836.000",352,212,140,"10.83.185.3",445,6,3,3,"10.83.84.244"
"1494257836.000",2000,1154,846,"10.83.68.49",445,15,6,9,"10.83.84.244"
"1494255631.000",282,142,140,"10.83.185.3",445,5,2,3,"10.83.84.244"
"1494255631.000",2308,1349,959,"10.83.68.49",445,18,8,10,"10.83.84.244"
"1494255631.000",352,212,140,"10.83.68.49",445,6,3,3,"10.83.84.244"
"1494255631.000",2008,1162,846,"10.83.185.3",445,15,6,9,"10.83.84.244"
"1494250162.000",7565,2417,5148,"10.11.168.10",445,27,12,15,"10.84.42.134"
"1494319465.000",7501,2353,5148,"10.11.168.10",445,26,11,15,"10.84.42.134"
"1494314737.000",14736,5065,9671,"10.11.168.10",445,55,23,32,"10.84.42.134"
"1494310464.000",7501,2353,5148,"10.11.168.10",445,26,11,15,"10.84.42.134"
"1494298764.000",7565,2417,5148,"10.11.168.10",445,27,12,15,"10.84.42.134"
"1494264168.000",352,212,140,"10.83.68.49",445,6,3,3,"10.83.84.244"
"1494264168.000",2008,1162,846,"10.83.185.3",445,15,6,9,"10.83.84.244"
"1494264168.000",282,142,140,"10.83.185.3",445,5,2,3,"10.83.84.244"
"1494264168.000",2000,1154,846,"10.83.68.49",445,15,6,9,"10.83.84.244"
"1494263599.000",2000,1154,846,"10.83.68.49",445,15,6,9,"10.83.84.244"
"1494263599.000",352,212,140,"10.83.68.49",445,6,3,3,"10.83.84.244"
"1494262762.000",7565,2417,5148,"10.11.168.10",445,27,12,15,"10.84.42.134"
"1494261856.000",282,142,140,"10.83.185.3",445,5,2,3,"10.83.84.244"
"1494261856.000",2008,1162,846,"10.83.185.3",445,15,6,9,"10.83.84.244"
"1494259614.000",2008,1162,846,"10.83.185.3",445,15,6,9,"10.83.84.244"
"1494258200.000",282,142,140,"10.83.185.3",445,5,2,3,"10.83.84.244"
"1494255669.000",282,142,140,"10.83.185.3",445,5,2,3,"10.83.84.244"
"1494255669.000",2000,1154,846,"10.83.68.49",445,15,6,9,"10.83.84.244"
"1494255669.000",2008,1162,846,"10.83.185.3",445,15,6,9,"10.83.84.244"
"1494255669.000",352,212,140,"10.83.68.49",445,6,3,3,"10.83.84.244"
"1494255629.000",22412,8318,14094,"10.11.168.10",445,67,28,39,"10.84.42.134"
"1494243861.000",7501,2353,5148,"10.11.168.10",445,26,11,15,"10.84.42.134"
"1494224060.000",7501,2353,5148,"10.11.168.10",445,26,11,15,"10.84.42.134"
"1494222678.000",14164,4739,9425,"10.11.168.10",445,52,22,30,"10.84.42.134"
"1494217760.000",7565,2417,5148,"10.11.168.10",445,27,12,15,"10.84.42.134"
"1494209659.000",7501,2353,5148,"10.11.168.10",445,26,11,15,"10.84.42.134"
"1494202459.000",7565,2353,5212,"10.11.168.10",445,27,11,16,"10.84.42.134"
"1494305964.000",9704,2493,7211,"10.11.168.10",445,31,13,18,"10.84.42.134"
"1494303264.000",7501,2353,5148,"10.11.168.10",445,26,11,15,"10.84.42.134"
"1494296064.000",7501,2353,5148,"10.11.168.10",445,26,11,15,"10.84.42.134"
"1494292464.000",7501,2353,5148,"10.11.168.10",445,26,11,15,"10.84.42.134"
"1494285263.000",7501,2353,5148,"10.11.168.10",445,26,11,15,"10.84.42.134"
"1494283463.000",7501,2353,5148,"10.11.168.10",445,26,11,15,"10.84.42.134"
"1494281663.000",7501,2353,5148,"10.11.168.10",445,26,11,15,"10.84.42.134"
"1494279863.000",7501,2353,5148,"10.11.168.10",445,26,11,15,"10.84.42.134"
"1494278063.000",7501,2353,5148,"10.11.168.10",445,26,11,15,"10.84.42.134"
"1494299664.000",7501,2353,5148,"10.11.168.10",445,26,11,15,"10.84.42.134"
"1494280763.000",7565,2417,5148,"10.11.168.10",445,27,12,15,"10.84.42.134"
"1494276263.000",7501,2353,5148,"10.11.168.10",445,26,11,15,"10.84.42.134"
"1494271349.000",14100,4739,9361,"10.11.168.10",445,51,22,29,"10.84.42.134"
"1494269963.000",7565,2417,5148,"10.11.168.10",445,27,12,15,"10.84.42.134"
"1494264491.000",282,142,140,"10.83.185.3",445,5,2,3,"10.83.84.244"
"1494264490.000",2000,1154,846,"10.83.68.49",445,15,6,9,"10.83.84.244"
"1494264490.000",352,212,140,"10.83.68.49",445,6,3,3,"10.83.84.244"
"1494264490.000",2008,1162,846,"10.83.185.3",445,15,6,9,"10.83.84.244"
"1494263810.000",2000,1154,846,"10.83.68.49",445,15,6,9,"10.83.84.244"
"1494263810.000",352,212,140,"10.83.68.49",445,6,3,3,"10.83.84.244"
"1494260062.000",7779,2423,5356,"10.11.168.10",445,28,12,16,"10.84.42.134"
"1494259374.000",352,212,140,"10.83.68.49",445,6,3,3,"10.83.84.244"
"1494259374.000",2000,1154,846,"10.83.68.49",445,15,6,9,"10.83.84.244"
"1494259373.000",352,212,140,"10.83.185.3",445,6,3,3,"10.83.84.244"
"1494256031.000",352,212,140,"10.83.68.49",445,6,3,3,"10.83.84.244"
"1494256031.000",2000,1154,846,"10.83.68.49",445,15,6,9,"10.83.84.244"
"1494256030.000",282,142,140,"10.83.185.3",445,5,2,3,"10.83.84.244"
"1494256030.000",2008,1162,846,"10.83.185.3",445,15,6,9,"10.83.84.244"
"1494255748.000",352,212,140,"10.83.68.49",445,6,3,3,"10.83.84.244"
"1494255748.000",2008,1162,846,"10.83.185.3",445,15,6,9,"10.83.84.244"
"1494255748.000",2000,1154,846,"10.83.68.49",445,15,6,9,"10.83.84.244"
"1494255748.000",282,142,140,"10.83.185.3",445,5,2,3,"10.83.84.244"
"1494255510.000",2008,1162,846,"10.83.185.3",445,15,6,9,"10.83.84.244"
"1494255510.000",352,212,140,"10.83.68.49",445,6,3,3,"10.83.84.244"
"1494255510.000",282,142,140,"10.83.185.3",445,5,2,3,"10.83.84.244"
"1494255510.000",2000,1154,846,"10.83.68.49",445,15,6,9,"10.83.84.244"
"1494252862.000",7501,2353,5148,"10.11.168.10",445,26,11,15,"10.84.42.134"
"1494247462.000",7501,2353,5148,"10.11.168.10",445,26,11,15,"10.84.42.134"
"1494242961.000",7565,2417,5148,"10.11.168.10",445,27,12,15,"10.84.42.134"
"1494238461.000",7501,2353,5148,"10.11.168.10",445,26,11,15,"10.84.42.134"
"1494230360.000",7501,2353,5148,"10.11.168.10",445,26,11,15,"10.84.42.134"
"1494223160.000",7565,2417,5148,"10.11.168.10",445,27,12,15,"10.84.42.134"
"1494222260.000",7501,2353,5148,"10.11.168.10",445,26,11,15,"10.84.42.134"
"1494192559.000",7565,2417,5148,"10.11.168.10",445,27,12,15,"10.84.42.134"
"1494179058.000",8073,2679,5394,"10.11.168.10",445,29,12,17,"10.84.42.134"
"1494178158.000",7565,2417,5148,"10.11.168.10",445,27,12,15,"10.84.42.134"
"1494168257.000",7565,2353,5212,"10.11.168.10",445,27,11,16,"10.84.42.134"
"1494282563.000",7565,2417,5148,"10.11.168.10",445,27,12,15,"10.84.42.134"
"1494267912.000",82,0,82,"136.98.222.1",445,1,0,1,"10.83.84.244"
"1494267912.000",82,0,82,"136.98.40.1",445,1,0,1,"10.83.84.244"
"1494267912.000",82,0,82,"136.98.128.1",445,1,0,1,"10.83.84.244"
"1494267910.000",2000,1154,846,"10.83.68.49",445,15,6,9,"10.83.84.244"
"1494267910.000",2008,1162,846,"10.83.185.3",445,15,6,9,"10.83.84.244"
"1494267910.000",282,142,140,"10.83.185.3",445,5,2,3,"10.83.84.244"
"1494267910.000",352,212,140,"10.83.68.49",445,6,3,3,"10.83.84.244"
"1494267900.000",82,0,82,"136.98.222.1",445,1,0,1,"10.83.84.244"
"1494263888.000",282,142,140,"10.83.68.49",445,5,2,3,"10.83.84.244"
"1494263888.000",2000,1154,846,"10.83.68.49",445,15,6,9,"10.83.84.244"
"1494259175.000",2000,1154,846,"10.83.68.49",445,15,6,9,"10.83.84.244"
"1494259175.000",352,212,140,"10.83.68.49",445,6,3,3,"10.83.84.244"
"1494259175.000",352,212,140,"10.83.185.3",445,6,3,3,"10.83.84.244"
"1494259175.000",2008,1162,846,"10.83.185.3",445,15,6,9,"10.83.84.244"
"1494259104.000",2000,1154,846,"10.83.68.49",445,15,6,9,"10.83.84.244"
"1494259104.000",352,212,140,"10.83.68.49",445,6,3,3,"10.83.84.244"
"1494259104.000",2008,1162,846,"10.83.185.3",445,15,6,9,"10.83.84.244"
"1494259104.000",352,212,140,"10.83.185.3",445,6,3,3,"10.83.84.244"
"1494253762.000",7501,2353,5148,"10.11.168.10",445,26,11,15,"10.84.42.134"
"1494270863.000",7565,2353,5212,"10.11.168.10",445,27,11,16,"10.84.42.134"
"1494268162.000",7945,2727,5218,"10.11.168.10",445,29,13,16,"10.84.42.134"
"1494267922.000",352,212,140,"10.83.68.49",445,6,3,3,"10.83.84.244"
"1494267922.000",282,142,140,"10.83.185.3",445,5,2,3,"10.83.84.244"
"1494267922.000",2000,1154,846,"10.83.68.49",445,15,6,9,"10.83.84.244"
"1494267922.000",2008,1162,846,"10.83.185.3",445,15,6,9,"10.83.84.244"
"1494264562.000",7565,2417,5148,"10.11.168.10",445,27,12,15,"10.84.42.134"
"1494263701.000",2000,1154,846,"10.83.68.49",445,15,6,9,"10.83.84.244"
"1494263701.000",352,212,140,"10.83.68.49",445,6,3,3,"10.83.84.244"
"1494261919.000",2000,1154,846,"10.83.68.49",445,15,6,9,"10.83.84.244"
"1494261883.000",3594123,994659,2599464,"10.188.60.18",445,9512,4492,5020,"10.84.42.134"
"1494261862.000",7501,2353,5148,"10.11.168.10",445,26,11,15,"10.84.42.134"
"1494259162.000",7501,2353,5148,"10.11.168.10",445,26,11,15,"10.84.42.134"
"1494257362.000",7565,2417,5148,"10.11.168.10",445,27,12,15,"10.84.42.134"
"1494255789.000",2000,1154,846,"10.83.68.49",445,15,6,9,"10.83.84.244"
"1494255789.000",352,212,140,"10.83.68.49",445,6,3,3,"10.83.84.244"
"1494255788.000",2008,1162,846,"10.83.185.3",445,15,6,9,"10.83.84.244"
"1494255788.000",282,142,140,"10.83.185.3",445,5,2,3,"10.83.84.244"
"1494255443.000",2008,1162,846,"10.83.185.3",445,15,6,9,"10.83.84.244"
"1494255443.000",352,212,140,"10.83.68.49",445,6,3,3,"10.83.84.244"
"1494255443.000",352,212,140,"10.83.185.3",445,6,3,3,"10.83.84.244"
"1494255443.000",2000,1154,846,"10.83.68.49",445,15,6,9,"10.83.84.244"
"1494251062.000",7501,2353,5148,"10.11.168.10",445,26,11,15,"10.84.42.134"
"1494249262.000",7565,2353,5212,"10.11.168.10",445,27,11,16,"10.84.42.134"
"1494246562.000",7501,2353,5148,"10.11.168.10",445,26,11,15,"10.84.42.134"
"1494267945.000",82,0,82,"136.98.222.1",445,1,0,1,"10.83.84.244"
"1494267945.000",82,0,82,"136.98.40.1",445,1,0,1,"10.83.84.244"
"1494267945.000",82,0,82,"136.98.128.1",445,1,0,1,"10.83.84.244"
"1494265227.000",14228,4803,9425,"10.11.168.10",445,53,23,30,"10.84.42.134"
"1494259935.000",2008,1162,846,"10.83.185.3",445,15,6,9,"10.83.84.244"
"1494259935.000",2000,1154,846,"10.83.68.49",445,15,6,9,"10.83.84.244"
"1494259935.000",352,212,140,"10.83.185.3",445,6,3,3,"10.83.84.244"
"1494259935.000",352,212,140,"10.83.68.49",445,6,3,3,"10.83.84.244"
"1494259289.000",2000,1154,846,"10.83.68.49",445,15,6,9,"10.83.84.244"
"1494259289.000",352,212,140,"10.83.68.49",445,6,3,3,"10.83.84.244"
"1494259288.000",352,212,140,"10.83.185.3",445,6,3,3,"10.83.84.244"
"1494259288.000",2008,1162,846,"10.83.185.3",445,15,6,9,"10.83.84.244"
"1494259250.000",352,212,140,"10.83.68.49",445,6,3,3,"10.83.84.244"
"1494259250.000",2008,1162,846,"10.83.185.3",445,15,6,9,"10.83.84.244"
"1494259250.000",2000,1154,846,"10.83.68.49",445,15,6,9,"10.83.84.244"
"1494259250.000",352,212,140,"10.83.185.3",445,6,3,3,"10.83.84.244"
"1494259139.000",282,142,140,"10.83.185.3",445,5,2,3,"10.83.84.244"
"1494259139.000",352,212,140,"10.83.68.49",445,6,3,3,"10.83.84.244"
"1494259139.000",2008,1162,846,"10.83.185.3",445,15,6,9,"10.83.84.244"
"1494259139.000",2000,1154,846,"10.83.68.49",445,15,6,9,"10.83.84.244"
"1494257802.000",2000,1154,846,"10.83.68.49",445,15,6,9,"10.83.84.244"
"1494257802.000",2008,1162,846,"10.83.185.3",445,15,6,9,"10.83.84.244"
"1494257802.000",352,212,140,"10.83.185.3",445,6,3,3,"10.83.84.244"
"1494257802.000",352,212,140,"10.83.68.49",445,6,3,3,"10.83.84.244"
"1494257790.000",2894,1786,1108,"10.83.68.49",445,18,8,10,"10.83.84.244"
"1494257789.000",2008,1162,846,"10.83.185.3",445,15,6,9,"10.83.84.244"
"1494257789.000",282,142,140,"10.83.68.49",445,5,2,3,"10.83.84.244"
"1494257789.000",352,212,140,"10.83.185.3",445,6,3,3,"10.83.84.244"
"1494256991.000",352,212,140,"10.83.68.49",445,6,3,3,"10.83.84.244"
"1494256991.000",282,142,140,"10.83.185.3",445,5,2,3,"10.83.84.244"
"1494256991.000",2008,1162,846,"10.83.185.3",445,15,6,9,"10.83.84.244"
"1494256991.000",2000,1154,846,"10.83.68.49",445,15,6,9,"10.83.84.244"
"1494251962.000",7565,2417,5148,"10.11.168.10",445,27,12,15,"10.84.42.134"
"1494226760.000",7501,2353,5148,"10.11.168.10",445,26,11,15,"10.84.42.134"
"1494205159.000",7565,2417,5148,"10.11.168.10",445,27,12,15,"10.84.42.134"
"1494200659.000",7501,2353,5148,"10.11.168.10",445,26,11,15,"10.84.42.134"
"1494199759.000",7501,2353,5148,"10.11.168.10",445,26,11,15,"10.84.42.134"
"1494258265.000",27341,10488,16853,"10.11.168.10",445,90,40,50,"10.84.42.134"
"1494255546.000",352,212,140,"10.83.185.3",445,6,3,3,"10.83.84.244"
"1494255546.000",352,212,140,"10.83.68.49",445,6,3,3,"10.83.84.244"
"1494255546.000",2008,1162,846,"10.83.185.3",445,15,6,9,"10.83.84.244"
"1494255545.000",2000,1154,846,"10.83.68.49",445,15,6,9,"10.83.84.244"
"1494255476.000",352,212,140,"10.83.185.3",445,6,3,3,"10.83.84.244"
"1494255476.000",2000,1154,846,"10.83.68.49",445,15,6,9,"10.83.84.244"
"1494255476.000",2008,1162,846,"10.83.185.3",445,15,6,9,"10.83.84.244"
"1494255476.000",352,212,140,"10.83.68.49",445,6,3,3,"10.83.84.244"
"1494255388.000",2008,1162,846,"10.83.185.3",445,15,6,9,"10.83.84.244"
"1494255388.000",352,212,140,"10.83.68.49",445,6,3,3,"10.83.84.244"
"1494255388.000",352,212,140,"10.83.185.3",445,6,3,3,"10.83.84.244"
"1494255388.000",2000,1154,846,"10.83.68.49",445,15,6,9,"10.83.84.244"
"1494243320.000",22412,8318,14094,"10.11.168.10",445,67,28,39,"10.84.42.134"
"1494241222.000",14228,4803,9425,"10.11.168.10",445,53,23,30,"10.84.42.134"
"1494232265.000",10249,2803,7446,"10.11.168.9",445,39,16,23,"10.84.42.134"
"1494219560.000",7501,2353,5148,"10.11.168.10",445,26,11,15,"10.84.42.134"
"1494218660.000",7501,2353,5148,"10.11.168.10",445,26,11,15,"10.84.42.134"
"1494210015.000",14100,4739,9361,"10.11.168.10",445,51,22,29,"10.84.42.134"
"1494207859.000",7565,2417,5148,"10.11.168.10",445,27,12,15,"10.84.42.134"
"1494195259.000",8073,2679,5394,"10.11.168.10",445,29,12,17,"10.84.42.134"
"1494187158.000",7565,2417,5148,"10.11.168.10",445,27,12,15,"10.84.42.134"
"1494177258.000",8073,2679,5394,"10.11.168.10",445,29,12,17,"10.84.42.134"
"1494173658.000",7881,2663,5218,"10.11.168.10",445,28,12,16,"10.84.42.134"
"1494172758.000",7501,2353,5148,"10.11.168.10",445,26,11,15,"10.84.42.134"
"1494241161.000",7501,2353,5148,"10.11.168.10",445,26,11,15,"10.84.42.134"
"1494232291.000",3030757205,3022922111,7835094,"10.188.60.18",445,2097732,1993428,104304,"10.84.42.134"
"1494228439.000",14228,4803,9425,"10.11.168.10",445,53,23,30,"10.84.42.134"
"1494221360.000",7501,2353,5148,"10.11.168.10",445,26,11,15,"10.84.42.134"
"1494201559.000",7565,2417,5148,"10.11.168.10",445,27,12,15,"10.84.42.134"
"1494190759.000",7501,2353,5148,"10.11.168.10",445,26,11,15,"10.84.42.134"
"1494183558.000",7501,2353,5148,"10.11.168.10",445,26,11,15,"10.84.42.134"
"1494178749.000",14228,4803,9425,"10.11.168.10",445,53,23,30,"10.84.42.134"
"1494176358.000",7565,2417,5148,"10.11.168.10",445,27,12,15,"10.84.42.134"
"1494237684.000",22348,8254,14094,"10.11.168.10",445,66,27,39,"10.84.42.134"
"1494235280.000",14100,4739,9361,"10.11.168.10",445,51,22,29,"10.84.42.134"
"1494233961.000",7501,2353,5148,"10.11.168.10",445,26,11,15,"10.84.42.134"
"1494228560.000",7565,2417,5148,"10.11.168.10",445,27,12,15,"10.84.42.134"
"1494215960.000",7501,2353,5148,"10.11.168.10",445,26,11,15,"10.84.42.134"
"1494208759.000",7565,2417,5148,"10.11.168.10",445,27,12,15,"10.84.42.134"
"1494206059.000",7501,2353,5148,"10.11.168.10",445,26,11,15,"10.84.42.134"
"1494197963.000",27277,10424,16853,"10.11.168.10",445,89,39,50,"10.84.42.134"
"1494197059.000",7501,2353,5148,"10.11.168.10",445,26,11,15,"10.84.42.134"
"1494236661.000",7565,2353,5212,"10.11.168.10",445,27,11,16,"10.84.42.134"
"1494227660.000",7501,2353,5148,"10.11.168.10",445,26,11,15,"10.84.42.134"
"1494224960.000",7501,2353,5148,"10.11.168.10",445,26,11,15,"10.84.42.134"
"1494216316.000",14100,4739,9361,"10.11.168.10",445,51,22,29,"10.84.42.134"
"1494213260.000",7501,2353,5148,"10.11.168.10",445,26,11,15,"10.84.42.134"
"1494211459.000",7501,2353,5148,"10.11.168.10",445,26,11,15,"10.84.42.134"
"1494204434.000",14228,4803,9425,"10.11.168.10",445,53,23,30,"10.84.42.134"
"1494198859.000",7501,2353,5148,"10.11.168.10",445,26,11,15,"10.84.42.134"
"1494191659.000",8405,3005,5400,"10.11.168.10",445,30,13,17,"10.84.42.134"
"1494188958.000",7565,2417,5148,"10.11.168.10",445,27,12,15,"10.84.42.134"
"1494181758.000",7565,2417,5148,"10.11.168.10",445,27,12,15,"10.84.42.134"
"1494188058.000",8073,2679,5394,"10.11.168.10",445,29,12,17,"10.84.42.134"
"1494161957.000",7500,2353,5147,"10.11.168.10",445,26,11,15,"10.84.42.134"
"1494161057.000",7501,2353,5148,"10.11.168.10",445,26,11,15,"10.84.42.134"
"1494154757.000",7501,2353,5148,"10.11.168.10",445,26,11,15,"10.84.42.134"
"1494189858.000",8073,2679,5394,"10.11.168.10",445,29,12,17,"10.84.42.134"
"1494182658.000",8073,2679,5394,"10.11.168.10",445,29,12,17,"10.84.42.134"
"1494180858.000",8073,2679,5394,"10.11.168.10",445,29,12,17,"10.84.42.134"
"1494175458.000",7500,2352,5148,"10.11.168.10",445,26,11,15,"10.84.42.134"
"1494174558.000",7565,2417,5148,"10.11.168.10",445,27,12,15,"10.84.42.134"
"1494153857.000",7501,2353,5148,"10.11.168.10",445,26,11,15,"10.84.42.134"
"1494150256.000",7501,2353,5148,"10.11.168.10",445,26,11,15,"10.84.42.134"
"1494140356.000",7565,2417,5148,"10.11.168.10",445,27,12,15,"10.84.42.134"
"1494129555.000",7565,2417,5148,"10.11.168.10",445,27,12,15,"10.84.42.134"
"1494114255.000",7501,2353,5148,"10.11.168.10",445,26,11,15,"10.84.42.134"
"1494108854.000",7501,2353,5148,"10.11.168.10",445,26,11,15,"10.84.42.134"
"1494186258.000",8073,2679,5394,"10.11.168.10",445,29,12,17,"10.84.42.134"
"1494185361.000",20080,6140,13940,"10.11.168.10",445,70,30,40,"10.84.42.134"
"1494179958.000",7501,2353,5148,"10.11.168.10",445,26,11,15,"10.84.42.134"
"1494170958.000",7565,2417,5148,"10.11.168.10",445,27,12,15,"10.84.42.134"
"1494147556.000",7565,2417,5148,"10.11.168.10",445,27,12,15,"10.84.42.134"
"1494144856.000",7501,2353,5148,"10.11.168.10",445,26,11,15,"10.84.42.134"
"1494141256.000",7501,2353,5148,"10.11.168.10",445,26,11,15,"10.84.42.134"
"1494138556.000",7501,2353,5148,"10.11.168.10",445,26,11,15,"10.84.42.134"
"1494134056.000",7881,2663,5218,"10.11.168.10",445,28,12,16,"10.84.42.134"
"1494125955.000",7565,2417,5148,"10.11.168.10",445,27,12,15,"10.84.42.134"
"1494116055.000",7501,2353,5148,"10.11.168.10",445,26,11,15,"10.84.42.134"
"1494171858.000",7501,2353,5148,"10.11.168.10",445,26,11,15,"10.84.42.134"
"1494166457.000",7501,2353,5148,"10.11.168.10",445,26,11,15,"10.84.42.134"
"1494164657.000",7501,2353,5148,"10.11.168.10",445,26,11,15,"10.84.42.134"
"1494151157.000",7501,2353,5148,"10.11.168.10",445,26,11,15,"10.84.42.134"
"1494148456.000",7501,2353,5148,"10.11.168.10",445,26,11,15,"10.84.42.134"
"1494145756.000",7565,2417,5148,"10.11.168.10",445,27,12,15,"10.84.42.134"
"1494117855.000",7501,2353,5148,"10.11.168.10",445,26,11,15,"10.84.42.134"
"1494163757.000",7501,2353,5148,"10.11.168.10",445,26,11,15,"10.84.42.134"
"1494162857.000",7501,2353,5148,"10.11.168.10",445,26,11,15,"10.84.42.134"
"1494160157.000",7565,2417,5148,"10.11.168.10",445,27,12,15,"10.84.42.134"
"1494159257.000",7501,2353,5148,"10.11.168.10",445,26,11,15,"10.84.42.134"
"1494157457.000",7501,2353,5148,"10.11.168.10",445,26,11,15,"10.84.42.134"
"1494148682.000",14164,4739,9425,"10.11.168.10",445,52,22,30,"10.84.42.134"
"1494146656.000",7501,2353,5148,"10.11.168.10",445,26,11,15,"10.84.42.134"
"1494143056.000",7501,2353,5148,"10.11.168.10",445,26,11,15,"10.84.42.134"
"1494137656.000",7501,2353,5148,"10.11.168.10",445,26,11,15,"10.84.42.134"
"1494128655.000",7501,2353,5148,"10.11.168.10",445,26,11,15,"10.84.42.134"
"1494122355.000",7565,2417,5148,"10.11.168.10",445,27,12,15,"10.84.42.134"
"1494119655.000",7501,2353,5148,"10.11.168.10",445,26,11,15,"10.84.42.134"
"1494161345.000",14504,5009,9495,"10.11.168.10",445,55,24,31,"10.84.42.134"
"1494158357.000",7501,2353,5148,"10.11.168.10",445,26,11,15,"10.84.42.134"
"1494154383.000",14228,4803,9425,"10.11.168.10",445,53,23,30,"10.84.42.134"
"1494143956.000",7565,2417,5148,"10.11.168.10",445,27,12,15,"10.84.42.134"
"1494142156.000",7565,2417,5148,"10.11.168.10",445,27,12,15,"10.84.42.134"
"1494136756.000",7565,2417,5148,"10.11.168.10",445,27,12,15,"10.84.42.134"
"1493786618.000",7501,2353,5148,"10.11.168.9",445,26,11,15,"10.84.42.134"
"1493766817.000",7501,2353,5148,"10.11.168.9",445,26,11,15,"10.84.42.134"
"1493761416.000",7500,2352,5148,"10.11.168.9",445,26,11,15,"10.84.42.134"
"1493758731.000",20016,6140,13876,"10.11.168.10",445,69,30,39,"10.84.42.134"
"1494131355.000",7565,2417,5148,"10.11.168.10",445,27,12,15,"10.84.42.134"
"1494113355.000",7501,2353,5148,"10.11.168.10",445,26,11,15,"10.84.42.134"
"1494112454.000",7501,2353,5148,"10.11.168.10",445,26,11,15,"10.84.42.134"
"1494097154.000",7565,2417,5148,"10.11.168.10",445,27,12,15,"10.84.42.134"
"1494095354.000",7881,2663,5218,"10.11.168.10",445,28,12,16,"10.84.42.134"
"1494080053.000",7501,2353,5148,"10.11.168.10",445,26,11,15,"10.84.42.134"
"1493746115.000",7565,2417,5148,"10.11.168.10",445,27,12,15,"10.84.42.134"
"1493739816.000",7501,2353,5148,"10.11.168.10",445,26,11,15,"10.84.42.134"
"1493738915.000",7565,2417,5148,"10.11.168.10",445,27,12,15,"10.84.42.134"
"1493737115.000",7501,2353,5148,"10.11.168.10",445,26,11,15,"10.84.42.134"
"1493734126.000",14164,4739,9425,"10.11.168.10",445,52,22,30,"10.84.42.134"
"1493712814.000",7501,2353,5148,"10.11.168.10",445,26,11,15,"10.84.42.134"
"1493710114.000",7881,2663,5218,"10.11.168.10",445,28,12,16,"10.84.42.134"
"1493706514.000",7565,2417,5148,"10.11.168.10",445,27,12,15,"10.84.42.134"
"1493699313.000",7565,2417,5148,"10.11.168.10",445,27,12,15,"10.84.42.134"
"1493697817.000",14100,4739,9361,"10.11.168.10",445,51,22,29,"10.84.42.134"
"1493685812.000",7501,2353,5148,"10.11.168.10",445,26,11,15,"10.84.42.134"
"1493673212.000",7501,2353,5148,"10.11.168.10",445,26,11,15,"10.84.42.134"
"1493664484.000",2000,1154,846,"10.83.68.49",445,15,6,9,"10.83.84.205"
"1493664484.000",352,212,140,"10.83.68.49",445,6,3,3,"10.83.84.205"
"1493658811.000",7501,2353,5148,"10.11.168.9",445,26,11,15,"10.84.42.134"
"1493654195.000",282,142,140,"10.83.3.150",445,5,2,3,"10.83.84.244"
"1493654195.000",2000,1154,846,"10.83.68.49",445,15,6,9,"10.83.84.244"
"1493654195.000",352,212,140,"10.83.68.49",445,6,3,3,"10.83.84.244"
"1493654195.000",2008,1162,846,"10.83.3.150",445,15,6,9,"10.83.84.244"
"1493654194.000",352,212,140,"10.83.68.49",445,6,3,3,"10.83.84.205"
"1493654194.000",2000,1154,846,"10.83.68.49",445,15,6,9,"10.83.84.205"
"1493654190.000",2008,1162,846,"10.83.3.150",445,15,6,9,"10.83.84.205"
"1493654189.000",282,142,140,"10.83.3.150",445,5,2,3,"10.83.84.205"
"1493652905.000",356,216,140,"10.83.65.91",445,6,3,3,"10.83.84.205"
"1493652904.000",352,212,140,"10.83.68.49",445,6,3,3,"10.83.84.244"
"1493652904.000",1986,1140,846,"10.83.65.91",445,15,6,9,"10.83.84.244"
"1493652904.000",356,216,140,"10.83.65.91",445,6,3,3,"10.83.84.244"
"1493652904.000",1987,1141,846,"10.83.65.81",445,15,6,9,"10.83.84.205"
"1493652904.000",1986,1140,846,"10.83.65.91",445,15,6,9,"10.83.84.205"
"1493652904.000",282,142,140,"10.83.3.150",445,5,2,3,"10.83.84.244"
"1493652904.000",352,212,140,"10.83.68.49",445,6,3,3,"10.83.84.205"
"1493652904.000",2000,1154,846,"10.83.68.49",445,15,6,9,"10.83.84.244"
"1493652904.000",2000,1154,846,"10.83.68.49",445,15,6,9,"10.83.84.205"
"1493652904.000",352,212,140,"10.83.65.81",445,6,3,3,"10.83.84.205"
"1493652904.000",282,142,140,"10.83.65.81",445,5,2,3,"10.83.84.244"
"1493652904.000",2008,1162,846,"10.83.3.150",445,15,6,9,"10.83.84.244"
"1493652904.000",1987,1141,846,"10.83.65.81",445,15,6,9,"10.83.84.244"
"1493652904.000",2008,1162,846,"10.83.3.150",445,15,6,9,"10.83.84.205"
"1493652904.000",352,212,140,"10.83.3.150",445,6,3,3,"10.83.84.205"
"1493652062.000",282,142,140,"10.83.68.49",445,5,2,3,"10.83.84.205"
"1493652060.000",352,212,140,"10.83.3.150",445,6,3,3,"10.83.84.205"
"1493651900.000",2000,1154,846,"10.83.68.49",445,15,6,9,"10.83.84.205"
"1493651900.000",352,212,140,"10.83.68.49",445,6,3,3,"10.83.84.205"
"1493651899.000",352,212,140,"10.83.3.150",445,6,3,3,"10.83.84.205"
"1493651899.000",2008,1162,846,"10.83.3.150",445,15,6,9,"10.83.84.205"
"1493651514.000",2008,1162,846,"10.83.3.150",445,15,6,9,"10.83.84.205"
"1493651514.000",282,142,140,"10.83.3.150",445,5,2,3,"10.83.84.205"
"1493651514.000",2000,1154,846,"10.83.68.49",445,15,6,9,"10.83.84.205"
"1493651514.000",352,212,140,"10.83.68.49",445,6,3,3,"10.83.84.205"
"1493650711.000",7501,2353,5148,"10.11.168.9",445,26,11,15,"10.84.42.134"
"1494110654.000",7501,2353,5148,"10.11.168.10",445,26,11,15,"10.84.42.134"
"1494106154.000",7501,2353,5148,"10.11.168.10",445,26,11,15,"10.84.42.134"
"1494089809.000",14584,5153,9431,"10.11.168.10",445,53,23,30,"10.84.42.134"
"1494108473.000",14100,4739,9361,"10.11.168.10",445,51,22,29,"10.84.42.134"
"1494096254.000",7501,2353,5148,"10.11.168.10",445,26,11,15,"10.84.42.134"
"1494066552.000",7629,2417,5212,"10.11.168.10",445,28,12,16,"10.84.42.134"
"1494042251.000",7501,2353,5148,"10.11.168.10",445,26,11,15,"10.84.42.134"
"1494039551.000",7501,2353,5148,"10.11.168.10",445,26,11,15,"10.84.42.134"
"1494038650.000",7501,2353,5148,"10.11.168.10",445,26,11,15,"10.84.42.134"
"1494034150.000",7565,2417,5148,"10.11.168.10",445,27,12,15,"10.84.42.134"
"1494014350.000",7565,2417,5148,"10.11.168.9",445,27,12,15,"10.84.42.134"
"1494100754.000",7565,2417,5148,"10.11.168.10",445,27,12,15,"10.84.42.134"
"1494099854.000",7945,2663,5282,"10.11.168.10",445,29,12,17,"10.84.42.134"
"1494089053.000",7501,2353,5148,"10.11.168.10",445,26,11,15,"10.84.42.134"
"1494091753.000",7501,2353,5148,"10.11.168.10",445,26,11,15,"10.84.42.134"
"1494090853.000",7501,2353,5148,"10.11.168.10",445,26,11,15,"10.84.42.134"
"1494087253.000",7501,2353,5148,"10.11.168.10",445,26,11,15,"10.84.42.134"
"1494085453.000",7501,2353,5148,"10.11.168.10",445,26,11,15,"10.84.42.134"
"1494084553.000",7501,2353,5148,"10.11.168.10",445,26,11,15,"10.84.42.134"
"1494081853.000",7501,2353,5148,"10.11.168.10",445,26,11,15,"10.84.42.134"
"1494076453.000",7501,2353,5148,"10.11.168.10",445,26,11,15,"10.84.42.134"
"1494074652.000",7501,2353,5148,"10.11.168.10",445,26,11,15,"10.84.42.134"
"1494071953.000",7565,2417,5148,"10.11.168.10",445,27,12,15,"10.84.42.134"
"1494104354.000",7565,2417,5148,"10.11.168.10",445,27,12,15,"10.84.42.134"
"1494088153.000",7565,2417,5148,"10.11.168.10",445,27,12,15,"10.84.42.134"
"1494086353.000",7501,2353,5148,"10.11.168.10",445,26,11,15,"10.84.42.134"
"1494098054.000",7501,2353,5148,"10.11.168.10",445,26,11,15,"10.84.42.134"
"1494071052.000",7501,2353,5148,"10.11.168.10",445,26,11,15,"10.84.42.134"
"1494067452.000",7501,2353,5148,"10.11.168.10",445,26,11,15,"10.84.42.134"
"1494056651.000",7501,2353,5148,"10.11.168.10",445,26,11,15,"10.84.42.134"
"1494032350.000",7565,2353,5212,"10.11.168.10",445,27,11,16,"10.84.42.134"
"1494079153.000",7501,2353,5148,"10.11.168.10",445,26,11,15,"10.84.42.134"
"1494062952.000",7565,2417,5148,"10.11.168.10",445,27,12,15,"10.84.42.134"
"1494060042.000",14100,4739,9361,"10.11.168.10",445,51,22,29,"10.84.42.134"
"1494059351.000",7501,2353,5148,"10.11.168.10",445,26,11,15,"10.84.42.134"
"1494053951.000",7501,2353,5148,"10.11.168.10",445,26,11,15,"10.84.42.134"
"1494049451.000",7501,2353,5148,"10.11.168.10",445,26,11,15,"10.84.42.134"
"1494029650.000",7501,2353,5148,"10.11.168.10",445,26,11,15,"10.84.42.134"
"1494069252.000",7501,2353,5148,"10.11.168.10",445,26,11,15,"10.84.42.134"
"1494051251.000",7501,2353,5148,"10.11.168.10",445,26,11,15,"10.84.42.134"
"1494033250.000",7501,2353,5148,"10.11.168.10",445,26,11,15,"10.84.42.134"
"1494017050.000",7501,2353,5148,"10.11.168.9",445,26,11,15,"10.84.42.134"
"1493993649.000",7501,2353,5148,"10.11.168.9",445,26,11,15,"10.84.42.134"
"1493991319.000",62,0,62,"10.77.180.102",445,1,0,1,"10.84.42.231"
"1493991132.000",62,0,62,"10.77.180.102",445,1,0,1,"10.84.42.231"
"1494046751.000",7565,2417,5148,"10.11.168.10",445,27,12,15,"10.84.42.134"
"1494011650.000",7501,2353,5148,"10.11.168.9",445,26,11,15,"10.84.42.134"
"1494001749.000",7501,2353,5148,"10.11.168.9",445,26,11,15,"10.84.42.134"
"1493996349.000",7501,2353,5148,"10.11.168.9",445,26,11,15,"10.84.42.134"
"1493991708.000",62,0,62,"10.77.180.102",445,1,0,1,"10.84.42.231"
"1493985548.000",7565,2417,5148,"10.11.168.9",445,27,12,15,"10.84.42.134"
"1493972948.000",7565,2417,5148,"10.11.168.10",445,27,12,15,"10.84.42.134"
"1493969348.000",7501,2353,5148,"10.11.168.10",445,26,11,15,"10.84.42.134"
"1493968448.000",7501,2353,5148,"10.11.168.10",445,26,11,15,"10.84.42.134"
"1493943616.000",14228,4803,9425,"10.11.168.10",445,53,23,30,"10.84.42.134"
"1493942347.000",7565,2417,5148,"10.11.168.10",445,27,12,15,"10.84.42.134"
"1493897344.000",7564,2416,5148,"10.11.168.10",445,27,12,15,"10.84.42.134"
"1493889244.000",7565,2417,5148,"10.11.168.10",445,27,12,15,"10.84.42.134"
"1493882944.000",7501,2353,5148,"10.11.168.10",445,26,11,15,"10.84.42.134"
"1493872143.000",7565,2417,5148,"10.11.168.10",445,27,12,15,"10.84.42.134"
"1493865843.000",7501,2353,5148,"10.11.168.10",445,26,11,15,"10.84.42.134"
"1493855942.000",7565,2417,5148,"10.11.168.10",445,27,12,15,"10.84.42.134"
"1494068352.000",7565,2417,5148,"10.11.168.10",445,27,12,15,"10.84.42.134"
"1494065652.000",7565,2353,5212,"10.11.168.10",445,27,11,16,"10.84.42.134"
"1494063852.000",7501,2353,5148,"10.11.168.10",445,26,11,15,"10.84.42.134"
"1494061151.000",7501,2353,5148,"10.11.168.10",445,26,11,15,"10.84.42.134"
"1494057551.000",7501,2353,5148,"10.11.168.10",445,26,11,15,"10.84.42.134"
"1494048580.000",14228,4803,9425,"10.11.168.10",445,53,23,30,"10.84.42.134"
"1494048551.000",7565,2417,5148,"10.11.168.10",445,27,12,15,"10.84.42.134"
"1494047651.000",7501,2353,5148,"10.11.168.10",445,26,11,15,"10.84.42.134"
"1494045851.000",7501,2353,5148,"10.11.168.10",445,26,11,15,"10.84.42.134"
"1494031450.000",7881,2663,5218,"10.11.168.10",445,28,12,16,"10.84.42.134"
"1494028750.000",7565,2417,5148,"10.11.168.10",445,27,12,15,"10.84.42.134"
"1494026950.000",7565,2417,5148,"10.11.168.10",445,27,12,15,"10.84.42.134"
"1494024250.000",7565,2353,5212,"10.11.168.10",445,27,11,16,"10.84.42.134"
"1494023350.000",7565,2417,5148,"10.11.168.9",445,27,12,15,"10.84.42.134"
"1494021550.000",7501,2353,5148,"10.11.168.9",445,26,11,15,"10.84.42.134"
"1494017950.000",7565,2417,5148,"10.11.168.9",445,27,12,15,"10.84.42.134"
"1494053051.000",7501,2353,5148,"10.11.168.10",445,26,11,15,"10.84.42.134"
"1494050351.000",7565,2417,5148,"10.11.168.10",445,27,12,15,"10.84.42.134"
"1494037297.000",14228,4803,9425,"10.11.168.10",445,53,23,30,"10.84.42.134"
"1494022450.000",7501,2353,5148,"10.11.168.9",445,26,11,15,"10.84.42.134"
"1494010749.000",7565,2417,5148,"10.11.168.9",445,27,12,15,"10.84.42.134"
"1494027850.000",7501,2353,5148,"10.11.168.10",445,26,11,15,"10.84.42.134"
"1494025150.000",7501,2353,5148,"10.11.168.10",445,26,11,15,"10.84.42.134"
"1494024035.000",14228,4803,9425,"10.11.168.9",445,53,23,30,"10.84.42.134"
"1493999669.000",14228,4803,9425,"10.11.168.9",445,53,23,30,"10.84.42.134"
"1493998149.000",7881,2663,5218,"10.11.168.9",445,28,12,16,"10.84.42.134"
"1493997249.000",7565,2353,5212,"10.11.168.9",445,27,11,16,"10.84.42.134"
"1493995449.000",7501,2353,5148,"10.11.168.9",445,26,11,15,"10.84.42.134"
"1493991849.000",7501,2353,5148,"10.11.168.9",445,26,11,15,"10.84.42.134"
"1493991126.000",132,0,132,"10.77.180.102",445,2,0,2,"10.84.42.231"
"1493991123.000",62,0,62,"10.77.180.102",445,1,0,1,"10.84.42.231"
"1493991118.000",132,0,132,"10.77.180.102",445,2,0,2,"10.84.42.231"
"1493988808.000",4260239,977126,3283113,"10.188.60.18",445,9954,4593,5361,"10.84.42.134"
"1494008949.000",7501,2353,5148,"10.11.168.9",445,26,11,15,"10.84.42.134"
"1493991763.000",62,0,62,"10.77.180.102",445,1,0,1,"10.84.42.231"
"1493991757.000",132,0,132,"10.77.180.102",445,2,0,2,"10.84.42.231"
"1493981425.000",14100,4739,9361,"10.11.168.9",445,51,22,29,"10.84.42.134"
"1493962581.000",14100,4739,9361,"10.11.168.10",445,51,22,29,"10.84.42.134"
"1493945947.000",7565,2417,5148,"10.11.168.10",445,27,12,15,"10.84.42.134"
"1493931254.000",14440,5009,9431,"10.11.168.10",445,54,24,30,"10.84.42.134"
"1493928846.000",7565,2353,5212,"10.11.168.10",445,27,11,16,"10.84.42.134"
"1494020650.000",7501,2353,5148,"10.11.168.9",445,26,11,15,"10.84.42.134"
"1494007149.000",7565,2417,5148,"10.11.168.9",445,27,12,15,"10.84.42.134"
"1493999949.000",7501,2353,5148,"10.11.168.9",445,26,11,15,"10.84.42.134"
"1493991481.000",132,0,132,"10.77.180.102",445,2,0,2,"10.84.42.231"
"1493988373.000",22381,8382,13999,"10.11.168.9",445,68,29,39,"10.84.42.134"
"1493982849.000",7501,2353,5148,"10.11.168.9",445,26,11,15,"10.84.42.134"
"1493967548.000",7565,2417,5148,"10.11.168.10",445,27,12,15,"10.84.42.134"
"1493965748.000",7565,2417,5148,"10.11.168.10",445,27,12,15,"10.84.42.134"
"1493955847.000",7501,2353,5148,"10.11.168.10",445,26,11,15,"10.84.42.134"
"1493936046.000",7501,2353,5148,"10.11.168.10",445,26,11,15,"10.84.42.134"
"1494009849.000",7501,2353,5148,"10.11.168.9",445,26,11,15,"10.84.42.134"
"1494008049.000",7501,2353,5148,"10.11.168.9",445,26,11,15,"10.84.42.134"
"1494006249.000",7501,2353,5148,"10.11.168.9",445,26,11,15,"10.84.42.134"
"1494005349.000",7565,2417,5148,"10.11.168.9",445,27,12,15,"10.84.42.134"
"1493999049.000",7501,2353,5148,"10.11.168.9",445,26,11,15,"10.84.42.134"
"1493993068.000",14100,4739,9361,"10.11.168.9",445,51,22,29,"10.84.42.134"
"1493964848.000",7501,2353,5148,"10.11.168.10",445,26,11,15,"10.84.42.134"
"1493951347.000",7501,2353,5148,"10.11.168.10",445,26,11,15,"10.84.42.134"
"1493943247.000",7501,2353,5148,"10.11.168.10",445,26,11,15,"10.84.42.134"
"1493918945.000",7881,2663,5218,"10.11.168.10",445,28,12,16,"10.84.42.134"
"1493991653.000",62,0,62,"10.77.180.102",445,1,0,1,"10.84.42.231"
"1493991647.000",132,0,132,"10.77.180.102",445,2,0,2,"10.84.42.231"
"1493989149.000",7565,2417,5148,"10.11.168.9",445,27,12,15,"10.84.42.134"
"1493977448.000",7501,2353,5148,"10.11.168.10",445,26,11,15,"10.84.42.134"
"1493968882.000",14100,4739,9361,"10.11.168.10",445,51,22,29,"10.84.42.134"
"1493966648.000",7501,2353,5148,"10.11.168.10",445,26,11,15,"10.84.42.134"
"1493956219.000",21842,9428,12414,"10.11.168.10",445,75,34,41,"10.84.42.134"
"1493924346.000",7501,2353,5148,"10.11.168.10",445,26,11,15,"10.84.42.134"
"1493910845.000",7501,2353,5148,"10.11.168.10",445,26,11,15,"10.84.42.134"
"1493899144.000",7565,2417,5148,"10.11.168.10",445,27,12,15,"10.84.42.134"
"1493895544.000",7565,2353,5212,"10.11.168.10",445,27,11,16,"10.84.42.134"
"1493893506.000",21553,9151,12402,"10.11.168.10",445,74,33,41,"10.84.42.134"
"1493880244.000",7501,2353,5148,"10.11.168.10",445,26,11,15,"10.84.42.134"
"1493837041.000",7501,2353,5148,"10.11.168.10",445,26,11,15,"10.84.42.134"
"1493831640.000",7501,2353,5148,"10.11.168.10",445,26,11,15,"10.84.42.134"
"1493828040.000",7501,2353,5148,"10.11.168.10",445,26,11,15,"10.84.42.134"
"1493821740.000",7501,2353,5148,"10.11.168.10",445,26,11,15,"10.84.42.134"
"1493994549.000",7501,2353,5148,"10.11.168.9",445,26,11,15,"10.84.42.134"
"1493991818.000",62,0,62,"10.77.180.102",445,1,0,1,"10.84.42.231"
"1493991813.000",132,0,132,"10.77.180.102",445,2,0,2,"10.84.42.231"
"1493991702.000",132,0,132,"10.77.180.102",445,2,0,2,"10.84.42.231"
"1493990049.000",7501,2353,5148,"10.11.168.9",445,26,11,15,"10.84.42.134"
"1493987348.000",7565,2417,5148,"10.11.168.9",445,27,12,15,"10.84.42.134"
"1493982977.000",22317,8254,14063,"10.11.168.9",445,67,27,40,"10.84.42.134"
"1493981948.000",7565,2417,5148,"10.11.168.9",445,27,12,15,"10.84.42.134"
"1493963892.000",22317,8318,13999,"10.11.168.10",445,67,28,39,"10.84.42.134"
"1493956747.000",7501,2353,5148,"10.11.168.10",445,26,11,15,"10.84.42.134"
"1493950447.000",7501,2353,5148,"10.11.168.10",445,26,11,15,"10.84.42.134"
"1493917145.000",7501,2353,5148,"10.11.168.10",445,26,11,15,"10.84.42.134"
"1493906345.000",7843,2487,5356,"10.11.168.10",445,29,13,16,"10.84.42.134"
"1493898244.000",7501,2353,5148,"10.11.168.10",445,26,11,15,"10.84.42.134"
"1493896444.000",7501,2353,5148,"10.11.168.10",445,26,11,15,"10.84.42.134"
"1493974748.000",7501,2353,5148,"10.11.168.10",445,26,11,15,"10.84.42.134"
"1493971148.000",7565,2417,5148,"10.11.168.10",445,27,12,15,"10.84.42.134"
"1493930646.000",7501,2353,5148,"10.11.168.10",445,26,11,15,"10.84.42.134"
"1493923446.000",7501,2353,5148,"10.11.168.10",445,26,11,15,"10.84.42.134"
"1493920746.000",7565,2417,5148,"10.11.168.10",445,27,12,15,"10.84.42.134"
"1493901845.000",7501,2353,5148,"10.11.168.10",445,26,11,15,"10.84.42.134"
"1493891944.000",7501,2353,5148,"10.11.168.10",445,26,11,15,"10.84.42.134"
"1493880483.000",14228,4803,9425,"10.11.168.10",445,53,23,30,"10.84.42.134"
"1493983748.000",7501,2353,5148,"10.11.168.9",445,26,11,15,"10.84.42.134"
"1493975664.000",20377,6547,13830,"10.11.168.10",445,70,32,38,"10.84.42.134"
"1493961247.000",7501,2353,5148,"10.11.168.10",445,26,11,15,"10.84.42.134"
"1493960347.000",7565,2417,5148,"10.11.168.10",445,27,12,15,"10.84.42.134"
"1493959447.000",7501,2353,5148,"10.11.168.10",445,26,11,15,"10.84.42.134"
"1493918045.000",7501,2353,5148,"10.11.168.10",445,26,11,15,"10.84.42.134"
"1493914445.000",7501,2353,5148,"10.11.168.10",445,26,11,15,"10.84.42.134"
"1493902745.000",7500,2353,5147,"10.11.168.10",445,26,11,15,"10.84.42.134"
"1493900044.000",7501,2353,5148,"10.11.168.10",445,26,11,15,"10.84.42.134"
"1493893744.000",7501,2353,5148,"10.11.168.10",445,26,11,15,"10.84.42.134"
"1493886544.000",20292,6346,13946,"10.11.168.10",445,71,31,40,"10.84.42.134"
"1493873943.000",7565,2417,5148,"10.11.168.10",445,27,12,15,"10.84.42.134"
"1493919845.000",7501,2353,5148,"10.11.168.10",445,26,11,15,"10.84.42.134"
"1493917991.000",14228,4803,9425,"10.11.168.10",445,53,23,30,"10.84.42.134"
"1493916245.000",7501,2353,5148,"10.11.168.10",445,26,11,15,"10.84.42.134"
"1493905445.000",7501,2353,5148,"10.11.168.10",445,26,11,15,"10.84.42.134"
"1493857742.000",7501,2353,5148,"10.11.168.10",445,26,11,15,"10.84.42.134"
"1493852342.000",7501,2353,5148,"10.11.168.10",445,26,11,15,"10.84.42.134"
"1493845142.000",7565,2417,5148,"10.11.168.10",445,27,12,15,"10.84.42.134"
"1493838841.000",7501,2353,5148,"10.11.168.10",445,26,11,15,"10.84.42.134"
"1493824131.000",14100,4739,9361,"10.11.168.10",445,51,22,29,"10.84.42.134"
"1493904545.000",7501,2353,5148,"10.11.168.10",445,26,11,15,"10.84.42.134"
"1493875743.000",7501,2353,5148,"10.11.168.10",445,26,11,15,"10.84.42.134"
"1493874843.000",7501,2353,5148,"10.11.168.10",445,26,11,15,"10.84.42.134"
"1493873822.000",14100,4739,9361,"10.11.168.10",445,51,22,29,"10.84.42.134"
"1493873811.000",5861,3157,2704,"10.11.168.9",445,27,12,15,"10.84.42.134"
"1493864943.000",7501,2353,5148,"10.11.168.10",445,26,11,15,"10.84.42.134"
"1493864043.000",7501,2353,5148,"10.11.168.10",445,26,11,15,"10.84.42.134"
"1493859542.000",7565,2417,5148,"10.11.168.10",445,27,12,15,"10.84.42.134"
"1493850542.000",7565,2417,5148,"10.11.168.10",445,27,12,15,"10.84.42.134"
"1493839742.000",7501,2353,5148,"10.11.168.10",445,26,11,15,"10.84.42.134"
"1493837941.000",7759,2547,5212,"10.11.168.10",445,29,13,16,"10.84.42.134"
"1493819940.000",7501,2353,5148,"10.11.168.10",445,26,11,15,"10.84.42.134"
"1493909045.000",7501,2353,5148,"10.11.168.10",445,26,11,15,"10.84.42.134"
"1493903645.000",7501,2353,5148,"10.11.168.10",445,26,11,15,"10.84.42.134"
"1493883844.000",7501,2353,5148,"10.11.168.10",445,26,11,15,"10.84.42.134"
"1493876643.000",7501,2353,5148,"10.11.168.10",445,26,11,15,"10.84.42.134"
"1493868421.000",14376,4945,9431,"10.11.168.10",445,53,23,30,"10.84.42.134"
"1493847842.000",7501,2353,5148,"10.11.168.10",445,26,11,15,"10.84.42.134"
"1493837154.000",14228,4803,9425,"10.11.168.10",445,53,23,30,"10.84.42.134"
"1493888344.000",7565,2417,5148,"10.11.168.10",445,27,12,15,"10.84.42.134"
"1493879343.000",7501,2353,5148,"10.11.168.10",445,26,11,15,"10.84.42.134"
"1493860442.000",7501,2353,5148,"10.11.168.10",445,26,11,15,"10.84.42.134"
"1493846942.000",7501,2353,5148,"10.11.168.10",445,26,11,15,"10.84.42.134"
"1493840642.000",7501,2353,5148,"10.11.168.10",445,26,11,15,"10.84.42.134"
"1493870343.000",7565,2417,5148,"10.11.168.10",445,27,12,15,"10.84.42.134"
"1493858642.000",7501,2353,5148,"10.11.168.10",445,26,11,15,"10.84.42.134"
"1493851442.000",7501,2353,5148,"10.11.168.10",445,26,11,15,"10.84.42.134"
"1493851317.000",14228,4803,9425,"10.11.168.10",445,53,23,30,"10.84.42.134"
"1493826241.000",7565,2353,5212,"10.11.168.10",445,27,11,16,"10.84.42.134"
"1493807377.000",22330,8252,14078,"10.11.168.10",445,66,27,39,"10.84.42.134"
"1493804639.000",7501,2353,5148,"10.11.168.10",445,26,11,15,"10.84.42.134"
"1493799239.000",7501,2353,5148,"10.11.168.9",445,26,11,15,"10.84.42.134"
"1493798339.000",7501,2353,5148,"10.11.168.9",445,26,11,15,"10.84.42.134"
"1493773117.000",7565,2417,5148,"10.11.168.9",445,27,12,15,"10.84.42.134"
"1493863143.000",7501,2353,5148,"10.11.168.10",445,26,11,15,"10.84.42.134"
"1493862243.000",7501,2353,5148,"10.11.168.10",445,26,11,15,"10.84.42.134"
"1493854142.000",7501,2353,5148,"10.11.168.10",445,26,11,15,"10.84.42.134"
"1493853242.000",7501,2353,5148,"10.11.168.10",445,26,11,15,"10.84.42.134"
"1493828941.000",7501,2353,5148,"10.11.168.10",445,26,11,15,"10.84.42.134"
"1493815440.000",7501,2353,5148,"10.11.168.10",445,26,11,15,"10.84.42.134"
"1493814540.000",7565,2417,5148,"10.11.168.10",445,27,12,15,"10.84.42.134"
"1493811839.000",7501,2353,5148,"10.11.168.10",445,26,11,15,"10.84.42.134"
"1493808241.000",7501,2353,5148,"10.11.168.10",445,26,11,15,"10.84.42.134"
"1493804207.000",14312,4945,9367,"10.11.168.9",445,52,23,29,"10.84.42.134"
"1493800950.000",22396,8318,14078,"10.11.168.9",445,67,28,39,"10.84.42.134"
"1493771980.000",14418,6347,8071,"10.11.168.9",445,47,20,27,"10.84.42.134"
"1493767717.000",7565,2417,5148,"10.11.168.9",445,27,12,15,"10.84.42.134"
"1493759616.000",7501,2353,5148,"10.11.168.10",445,26,11,15,"10.84.42.134"
"1493810040.000",7501,2353,5148,"10.11.168.10",445,26,11,15,"10.84.42.134"
"1493805539.000",7565,2417,5148,"10.11.168.10",445,27,12,15,"10.84.42.134"
"1493801039.000",7501,2353,5148,"10.11.168.9",445,26,11,15,"10.84.42.134"
"1493800139.000",7501,2353,5148,"10.11.168.9",445,26,11,15,"10.84.42.134"
"1493784823.000",20144,6140,14004,"10.11.168.9",445,71,30,41,"10.84.42.134"
"1493765016.000",7881,2663,5218,"10.11.168.9",445,28,12,16,"10.84.42.134"
"1493752416.000",7501,2353,5148,"10.11.168.10",445,26,11,15,"10.84.42.134"
"1493823541.000",7565,2417,5148,"10.11.168.10",445,27,12,15,"10.84.42.134"
"1493818140.000",7565,2417,5148,"10.11.168.10",445,27,12,15,"10.84.42.134"
"1493809139.000",7501,2353,5148,"10.11.168.10",445,26,11,15,"10.84.42.134"
"1493807340.000",7565,2417,5148,"10.11.168.10",445,27,12,15,"10.84.42.134"
"1493797726.000",14164,4739,9425,"10.11.168.9",445,52,22,30,"10.84.42.134"
"1493797439.000",7565,2417,5148,"10.11.168.9",445,27,12,15,"10.84.42.134"
"1493794738.000",7501,2353,5148,"10.11.168.9",445,26,11,15,"10.84.42.134"
"1493793994.000",22537,8453,14084,"10.11.168.9",445,68,29,39,"10.84.42.134"
"1493612909.000",7501,2353,5148,"10.11.168.10",445,26,11,15,"10.84.42.134"
"1493599409.000",7565,2353,5212,"10.11.168.10",445,27,11,16,"10.84.42.134"
"1493597609.000",7501,2353,5148,"10.11.168.10",445,26,11,15,"10.84.42.134"
"1493592209.000",7501,2353,5148,"10.11.168.10",445,26,11,15,"10.84.42.134"
"1493587708.000",7565,2417,5148,"10.11.168.10",445,27,12,15,"10.84.42.134"
"1493585908.000",7501,2353,5148,"10.11.168.10",445,26,11,15,"10.84.42.134"
"1493585008.000",7501,2353,5148,"10.11.168.10",445,26,11,15,"10.84.42.134"
"1493578708.000",7501,2353,5148,"10.11.168.9",445,26,11,15,"10.84.42.134"
"1493576908.000",7501,2353,5148,"10.11.168.9",445,26,11,15,"10.84.42.134"
"1493612010.000",7501,2353,5148,"10.11.168.10",445,26,11,15,"10.84.42.134"
"1493608409.000",7501,2353,5148,"10.11.168.10",445,26,11,15,"10.84.42.134"
"1493410401.000",7501,2353,5148,"10.11.168.9",445,26,11,15,"10.84.42.134"
"1493813639.000",7501,2353,5148,"10.11.168.10",445,26,11,15,"10.84.42.134"
"1493736215.000",7565,2353,5212,"10.11.168.10",445,27,11,16,"10.84.42.134"
"1493735315.000",7565,2417,5148,"10.11.168.10",445,27,12,15,"10.84.42.134"
"1493717313.000",7565,2417,5148,"10.11.168.10",445,27,12,15,"10.84.42.134"
"1493713144.000",10105,2739,7366,"10.11.168.10",445,37,15,22,"10.84.42.134"
"1493711014.000",7501,2353,5148,"10.11.168.10",445,26,11,15,"10.84.42.134"
"1493709952.000",3392990,946145,2446845,"10.188.60.18",445,8985,4249,4736,"10.84.42.134"
"1493707414.000",7501,2353,5148,"10.11.168.10",445,26,11,15,"10.84.42.134"
"1493687613.000",7501,2353,5148,"10.11.168.10",445,26,11,15,"10.84.42.134"
"1493678612.000",7501,2353,5148,"10.11.168.10",445,26,11,15,"10.84.42.134"
"1493675912.000",7501,2353,5148,"10.11.168.10",445,26,11,15,"10.84.42.134"
"1493667998.000",2000,1154,846,"10.83.68.49",445,15,6,9,"10.83.84.205"
"1493667993.000",138,78,60,"10.83.68.21",445,3,1,2,"10.83.84.205"
"1493667985.000",352,212,140,"10.83.68.49",445,6,3,3,"10.83.84.205"
"1493667985.000",2000,1154,846,"10.83.68.49",445,15,6,9,"10.83.84.205"
"1493792938.000",7501,2353,5148,"10.11.168.9",445,26,11,15,"10.84.42.134"
"1493790206.000",66,0,66,"10.11.168.9",445,1,0,1,"10.84.42.134"
"1493790199.000",70,0,70,"10.11.168.9",445,2,0,2,"10.84.42.134"
"1493788418.000",7565,2417,5148,"10.11.168.9",445,27,12,15,"10.84.42.134"
"1493787940.000",2047436682,2042461074,4975608,"10.188.60.18",445,1411470,1347814,63656,"10.84.42.134"
"1493787930.000",114880,47366,67514,"10.11.168.9",445,417,201,216,"10.84.42.134"
"1493787914.000",10233,2803,7430,"10.11.168.9",445,39,16,23,"10.84.42.134"
"1493785717.000",7501,2353,5148,"10.11.168.9",445,26,11,15,"10.84.42.134"
"1493782117.000",7501,2353,5148,"10.11.168.9",445,26,11,15,"10.84.42.134"
"1493781217.000",7501,2353,5148,"10.11.168.9",445,26,11,15,"10.84.42.134"
"1493780317.000",7501,2353,5148,"10.11.168.9",445,26,11,15,"10.84.42.134"
"1493779416.000",7501,2353,5148,"10.11.168.9",445,26,11,15,"10.84.42.134"
"1493778222.000",14228,4803,9425,"10.11.168.9",445,53,23,30,"10.84.42.134"
"1493527406.000",7501,2353,5148,"10.11.168.10",445,26,11,15,"10.84.42.134"
"1493524706.000",7565,2417,5148,"10.11.168.10",445,27,12,15,"10.84.42.134"
"1493519305.000",7565,2417,5148,"10.11.168.10",445,27,12,15,"10.84.42.134"
"1493518405.000",7501,2353,5148,"10.11.168.10",445,26,11,15,"10.84.42.134"
"1493511204.000",7501,2353,5148,"10.11.168.10",445,26,11,15,"10.84.42.134"
"1493490503.000",7501,2353,5148,"10.11.168.9",445,26,11,15,"10.84.42.134"
"1493751516.000",7565,2417,5148,"10.11.168.10",445,27,12,15,"10.84.42.134"
"1493741615.000",7501,2353,5148,"10.11.168.10",445,26,11,15,"10.84.42.134"
"1493741207.000",14228,4803,9425,"10.11.168.10",445,53,23,30,"10.84.42.134"
"1493762317.000",7565,2417,5148,"10.11.168.9",445,27,12,15,"10.84.42.134"
"1493760515.000",7501,2353,5148,"10.11.168.10",445,26,11,15,"10.84.42.134"
"1493754215.000",7501,2353,5148,"10.11.168.10",445,26,11,15,"10.84.42.134"
"1493747359.000",138,78,60,"10.83.68.215",445,3,1,2,"10.83.84.244"
"1493747354.000",82,0,82,"136.98.140.1",445,1,0,1,"10.83.84.244"
"1493747272.000",82,0,82,"136.98.140.1",445,1,0,1,"10.83.84.244"
"1493757816.000",7501,2353,5148,"10.11.168.10",445,26,11,15,"10.84.42.134"
"1493756915.000",7565,2417,5148,"10.11.168.10",445,27,12,15,"10.84.42.134"
"1493749715.000",7501,2353,5148,"10.11.168.10",445,26,11,15,"10.84.42.134"
"1493747190.000",82,0,82,"136.98.140.1",445,1,0,1,"10.83.84.244"
"1493747161.000",352,212,140,"10.83.68.215",445,6,3,3,"10.83.84.244"
"1493747161.000",1992,1146,846,"10.83.68.215",445,15,6,9,"10.83.84.244"
"1493747122.000",352,212,140,"10.83.68.215",445,6,3,3,"10.83.84.244"
"1493747122.000",1992,1146,846,"10.83.68.215",445,15,6,9,"10.83.84.244"
"1493746971.000",82,0,82,"136.98.140.1",445,1,0,1,"10.83.84.244"
"1493742516.000",7501,2353,5148,"10.11.168.10",445,26,11,15,"10.84.42.134"
"1493732727.000",22332,8254,14078,"10.11.168.10",445,66,27,39,"10.84.42.134"
"1493732615.000",7565,2353,5212,"10.11.168.10",445,27,11,16,"10.84.42.134"
"1493730814.000",7501,2353,5148,"10.11.168.10",445,26,11,15,"10.84.42.134"
"1493727274.000",2049785130,2043354627,6430503,"10.188.60.18",445,1429910,1348326,81584,"10.84.42.134"
"1493727264.000",26273,10766,15507,"10.11.168.10",445,79,34,45,"10.84.42.134"
"1493727249.000",10310,2938,7372,"10.11.168.9",445,39,17,22,"10.84.42.134"
"1493722714.000",7501,2353,5148,"10.11.168.10",445,26,11,15,"10.84.42.134"
"1493718214.000",7501,2353,5148,"10.11.168.10",445,26,11,15,"10.84.42.134"
"1493705614.000",7501,2353,5148,"10.11.168.10",445,26,11,15,"10.84.42.134"
"1493704714.000",7501,2353,5148,"10.11.168.10",445,26,11,15,"10.84.42.134"
"1493703790.000",97436,38967,58469,"10.11.168.10",445,369,180,189,"10.84.42.134"
"1493663311.000",7501,2353,5148,"10.11.168.9",445,26,11,15,"10.84.42.134"
"1493652986.000",352,212,140,"10.83.68.49",445,6,3,3,"10.83.84.244"
"1493652986.000",352,212,140,"10.83.65.81",445,6,3,3,"10.83.84.244"
"1493652986.000",1987,1141,846,"10.83.65.81",445,15,6,9,"10.83.84.244"
"1493652986.000",356,216,140,"10.83.65.91",445,6,3,3,"10.83.84.244"
"1493652986.000",2000,1154,846,"10.83.68.49",445,15,6,9,"10.83.84.244"
"1493652985.000",2000,1154,846,"10.83.68.49",445,15,6,9,"10.83.84.205"
"1493652985.000",352,212,140,"10.83.68.49",445,6,3,3,"10.83.84.205"
"1493652985.000",1986,1140,846,"10.83.65.91",445,15,6,9,"10.83.84.205"
"1493652985.000",282,142,140,"10.83.65.81",445,5,2,3,"10.83.84.205"
"1493652984.000",356,216,140,"10.83.65.91",445,6,3,3,"10.83.84.205"
"1493652984.000",1987,1141,846,"10.83.65.81",445,15,6,9,"10.83.84.205"
"1493652981.000",138,78,60,"10.83.3.150",445,3,1,2,"10.83.84.244"
"1493652979.000",138,78,60,"10.83.3.150",445,3,1,2,"10.83.84.205"
"1493652722.000",282,142,140,"10.83.3.150",445,5,2,3,"10.83.84.244"
"1493652722.000",352,212,140,"10.83.68.49",445,6,3,3,"10.83.84.205"
"1493652722.000",2008,1162,846,"10.83.3.150",445,15,6,9,"10.83.84.244"
"1493652722.000",282,142,140,"10.83.68.49",445,5,2,3,"10.83.84.244"
"1493652722.000",2000,1154,846,"10.83.68.49",445,15,6,9,"10.83.84.244"
"1493652722.000",2000,1154,846,"10.83.68.49",445,15,6,9,"10.83.84.205"
"1493652716.000",138,78,60,"10.83.3.150",445,3,1,2,"10.83.84.205"
"1493651777.000",2000,1154,846,"10.83.68.49",445,15,6,9,"10.83.84.205"
"1493651777.000",2008,1162,846,"10.83.3.150",445,15,6,9,"10.83.84.205"
"1493651777.000",352,212,140,"10.83.68.49",445,6,3,3,"10.83.84.205"
"1493651482.000",352,212,140,"10.83.68.49",445,6,3,3,"10.83.84.205"
"1493648010.000",7881,2663,5218,"10.11.168.9",445,28,12,16,"10.84.42.134"
"1493647111.000",7501,2353,5148,"10.11.168.9",445,26,11,15,"10.84.42.134"
"1493644410.000",7501,2353,5148,"10.11.168.9",445,26,11,15,"10.84.42.134"
"1493641710.000",7501,2353,5148,"10.11.168.9",445,26,11,15,"10.84.42.134"
"1493623709.000",8073,2679,5394,"10.11.168.10",445,29,12,17,"10.84.42.134"
"1493622809.000",7501,2353,5148,"10.11.168.10",445,26,11,15,"10.84.42.134"
"1493617579.000",14228,4739,9489,"10.11.168.10",445,53,22,31,"10.84.42.134"
"1493613810.000",7501,2353,5148,"10.11.168.10",445,26,11,15,"10.84.42.134"
"1493574207.000",7501,2353,5148,"10.11.168.9",445,26,11,15,"10.84.42.134"
"1493748815.000",7501,2353,5148,"10.11.168.10",445,26,11,15,"10.84.42.134"
"1493747526.000",1992,1146,846,"10.83.68.215",445,15,6,9,"10.83.84.244"
"1493747516.000",82,0,82,"136.98.140.1",445,1,0,1,"10.83.84.244"
"1493746871.000",82,0,82,"136.98.140.1",445,1,0,1,"10.83.84.244"
"1493745215.000",7501,2353,5148,"10.11.168.10",445,26,11,15,"10.84.42.134"
"1493738016.000",7501,2353,5148,"10.11.168.10",445,26,11,15,"10.84.42.134"
"1493731715.000",7501,2353,5148,"10.11.168.10",445,26,11,15,"10.84.42.134"
"1493709880.000",21489,9087,12402,"10.11.168.10",445,73,32,41,"10.84.42.134"
"1493691213.000",7501,2353,5148,"10.11.168.10",445,26,11,15,"10.84.42.134"
"1493689413.000",7501,2353,5148,"10.11.168.10",445,26,11,15,"10.84.42.134"
"1493683113.000",7501,2353,5148,"10.11.168.10",445,26,11,15,"10.84.42.134"
"1493675012.000",7501,2353,5148,"10.11.168.10",445,26,11,15,"10.84.42.134"
"1493671412.000",7501,2353,5148,"10.11.168.9",445,26,11,15,"10.84.42.134"
"1493660612.000",7501,2353,5148,"10.11.168.9",445,26,11,15,"10.84.42.134"
"1493653551.000",352,212,140,"10.83.3.150",445,6,3,3,"10.83.84.244"
"1493653550.000",2295,1336,959,"10.83.65.81",445,18,8,10,"10.83.84.244"
"1493653550.000",352,212,140,"10.83.65.81",445,6,3,3,"10.83.84.244"
"1493653550.000",2000,1154,846,"10.83.68.49",445,15,6,9,"10.83.84.244"
"1493653550.000",352,212,140,"10.83.68.49",445,6,3,3,"10.83.84.244"
"1493653549.000",1986,1140,846,"10.83.65.91",445,15,6,9,"10.83.84.244"
"1493653549.000",352,212,140,"10.83.68.49",445,6,3,3,"10.83.84.205"
"1493653549.000",356,216,140,"10.83.65.91",445,6,3,3,"10.83.84.244"
"1493653549.000",2000,1154,846,"10.83.68.49",445,15,6,9,"10.83.84.205"
"1493653548.000",1986,1140,846,"10.83.65.91",445,15,6,9,"10.83.84.205"
"1493653548.000",356,216,140,"10.83.65.91",445,6,3,3,"10.83.84.205"
"1493653547.000",1987,1141,846,"10.83.65.81",445,15,6,9,"10.83.84.205"
"1493653547.000",352,212,140,"10.83.65.81",445,6,3,3,"10.83.84.205"
"1493653542.000",138,78,60,"10.83.3.150",445,3,1,2,"10.83.84.205"
"1493653228.000",282,142,140,"10.83.3.150",445,5,2,3,"10.83.84.244"
"1493653228.000",2008,1162,846,"10.83.3.150",445,15,6,9,"10.83.84.244"
"1493653228.000",1986,1140,846,"10.83.65.91",445,15,6,9,"10.83.84.244"
"1493653228.000",2000,1154,846,"10.83.68.49",445,15,6,9,"10.83.84.244"
"1493653228.000",282,142,140,"10.83.65.81",445,5,2,3,"10.83.84.244"
"1493653228.000",1987,1141,846,"10.83.65.81",445,15,6,9,"10.83.84.244"
"1493653228.000",352,212,140,"10.83.68.49",445,6,3,3,"10.83.84.244"
"1493653227.000",1986,1140,846,"10.83.65.91",445,15,6,9,"10.83.84.205"
"1493653227.000",1987,1141,846,"10.83.65.81",445,15,6,9,"10.83.84.205"
"1493653227.000",282,142,140,"10.83.65.81",445,5,2,3,"10.83.84.205"
"1493653227.000",2008,1162,846,"10.83.3.150",445,15,6,9,"10.83.84.205"
"1493653227.000",352,212,140,"10.83.3.150",445,6,3,3,"10.83.84.205"
"1493653227.000",2000,1154,846,"10.83.68.49",445,15,6,9,"10.83.84.205"
"1493653227.000",352,212,140,"10.83.68.49",445,6,3,3,"10.83.84.205"
"1493652751.000",138,78,60,"10.83.3.150",445,3,1,2,"10.83.84.205"
"1493651583.000",2000,1154,846,"10.83.68.49",445,15,6,9,"10.83.84.205"
"1493651583.000",352,212,140,"10.83.68.49",445,6,3,3,"10.83.84.205"
"1493651582.000",2008,1162,846,"10.83.3.150",445,15,6,9,"10.83.84.205"
"1493651548.000",352,212,140,"10.83.68.49",445,6,3,3,"10.83.84.205"
"1493651548.000",282,212,70,"10.83.3.150",445,5,3,2,"10.83.84.205"
"1493651548.000",2000,1154,846,"10.83.68.49",445,15,6,9,"10.83.84.205"
"1493639910.000",7501,2353,5148,"10.11.168.9",445,26,11,15,"10.84.42.134"
"1493639011.000",7501,2353,5148,"10.11.168.9",445,26,11,15,"10.84.42.134"
"1493637211.000",7501,2353,5148,"10.11.168.9",445,26,11,15,"10.84.42.134"
"1493632710.000",7565,2417,5148,"10.11.168.9",445,27,12,15,"10.84.42.134"
"1493626410.000",7501,2353,5148,"10.11.168.10",445,26,11,15,"10.84.42.134"
"1493598509.000",7565,2417,5148,"10.11.168.10",445,27,12,15,"10.84.42.134"
"1493750616.000",7881,2663,5218,"10.11.168.10",445,28,12,16,"10.84.42.134"
"1493724624.000",3779265,1102886,2676379,"10.188.60.18",445,10348,4913,5435,"10.84.42.134"
"1493721814.000",7501,2353,5148,"10.11.168.10",445,26,11,15,"10.84.42.134"
"1493715513.000",7945,2727,5218,"10.11.168.10",445,29,13,16,"10.84.42.134"
"1493709213.000",7501,2353,5148,"10.11.168.10",445,26,11,15,"10.84.42.134"
"1493708314.000",7501,2353,5148,"10.11.168.10",445,26,11,15,"10.84.42.134"
"1493664212.000",7501,2353,5148,"10.11.168.9",445,26,11,15,"10.84.42.134"
"1493663966.000",2000,1154,846,"10.83.68.49",445,15,6,9,"10.83.84.244"
"1493663966.000",352,212,140,"10.83.68.49",445,6,3,3,"10.83.84.244"
"1493655475.000",2008,1162,846,"10.83.3.150",445,15,6,9,"10.83.84.244"
"1493655475.000",286,146,140,"10.83.65.91",445,5,2,3,"10.83.84.244"
"1493655475.000",1986,1140,846,"10.83.65.91",445,15,6,9,"10.83.84.244"
"1493655475.000",1986,1140,846,"10.83.65.91",445,15,6,9,"10.83.84.205"
"1493655475.000",2000,1154,846,"10.83.68.49",445,15,6,9,"10.83.84.244"
"1493655475.000",2008,1162,846,"10.83.3.150",445,15,6,9,"10.83.84.205"
"1493655475.000",356,216,140,"10.83.65.91",445,6,3,3,"10.83.84.205"
"1493655475.000",352,212,140,"10.83.68.49",445,6,3,3,"10.83.84.244"
"1493655475.000",282,142,140,"10.83.3.150",445,5,2,3,"10.83.84.244"
"1493655475.000",352,212,140,"10.83.68.49",445,6,3,3,"10.83.84.205"
"1493655475.000",2000,1154,846,"10.83.68.49",445,15,6,9,"10.83.84.205"
"1493655474.000",282,142,140,"10.83.3.150",445,5,2,3,"10.83.84.205"
"1493653068.000",2000,1154,846,"10.83.68.49",445,15,6,9,"10.83.84.244"
"1493653068.000",356,216,140,"10.83.65.91",445,6,3,3,"10.83.84.244"
"1493653068.000",352,212,140,"10.83.68.49",445,6,3,3,"10.83.84.244"
"1493653068.000",282,142,140,"10.83.65.81",445,5,2,3,"10.83.84.244"
"1493653068.000",1987,1141,846,"10.83.65.81",445,15,6,9,"10.83.84.244"
"1493653068.000",1986,1140,846,"10.83.65.91",445,15,6,9,"10.83.84.244"
"1493653068.000",352,212,140,"10.83.3.150",445,6,3,3,"10.83.84.244"
"1493653067.000",352,212,140,"10.83.68.49",445,6,3,3,"10.83.84.205"
"1493653067.000",2000,1154,846,"10.83.68.49",445,15,6,9,"10.83.84.205"
"1493653065.000",282,142,140,"10.83.65.81",445,5,2,3,"10.83.84.205"
"1493653065.000",286,146,140,"10.83.65.91",445,5,2,3,"10.83.84.205"
"1493653065.000",1987,1141,846,"10.83.65.81",445,15,6,9,"10.83.84.205"
"1493653065.000",1986,1140,846,"10.83.65.91",445,15,6,9,"10.83.84.205"
"1493653060.000",138,78,60,"10.83.3.150",445,3,1,2,"10.83.84.205"
"1493652866.000",352,212,140,"10.83.68.49",445,6,3,3,"10.83.84.205"
"1493652866.000",2000,1154,846,"10.83.68.49",445,15,6,9,"10.83.84.205"
"1493652866.000",352,212,140,"10.83.68.49",445,6,3,3,"10.83.84.244"
"1493652865.000",352,212,140,"10.83.65.81",445,6,3,3,"10.83.84.244"
"1493652865.000",1987,1141,846,"10.83.65.81",445,15,6,9,"10.83.84.205"
"1493652865.000",282,142,140,"10.83.65.81",445,5,2,3,"10.83.84.205"
"1493652865.000",1987,1141,846,"10.83.65.81",445,15,6,9,"10.83.84.244"
"1493652860.000",138,78,60,"10.83.3.150",445,3,1,2,"10.83.84.205"
"1493652860.000",138,78,60,"10.83.65.91",445,3,1,2,"10.83.84.205"
"1493666285.000",352,212,140,"10.83.68.49",445,6,3,3,"10.83.84.205"
"1493170089.000",7501,2353,5148,"10.11.168.10",445,26,11,15,"10.84.42.134"
"1493155690.000",7501,2353,5148,"10.11.168.10",445,26,11,15,"10.84.42.134"
"1493142188.000",7501,2353,5148,"10.11.168.10",445,26,11,15,"10.84.42.134"
"1493138588.000",7501,2353,5148,"10.11.168.10",445,26,11,15,"10.84.42.134"
"1493109078.000",14228,4739,9489,"10.11.168.9",445,53,22,31,"10.84.42.134"
"1493107988.000",8073,2679,5394,"10.11.168.9",445,29,12,17,"10.84.42.134"
"1493101687.000",7501,2353,5148,"10.11.168.9",445,26,11,15,"10.84.42.134"
"1493728115.000",7565,2417,5148,"10.11.168.10",445,27,12,15,"10.84.42.134"
"1493725415.000",7501,2353,5148,"10.11.168.10",445,26,11,15,"10.84.42.134"
"1493711914.000",7501,2353,5148,"10.11.168.10",445,26,11,15,"10.84.42.134"
"1493698412.000",7501,2353,5148,"10.11.168.10",445,26,11,15,"10.84.42.134"
"1493672311.000",7501,2353,5148,"10.11.168.9",445,26,11,15,"10.84.42.134"
"1493669332.000",2000,1154,846,"10.83.68.49",445,15,6,9,"10.83.84.244"
"1493669332.000",352,212,140,"10.83.68.49",445,6,3,3,"10.83.84.244"
"1493669319.000",352,212,140,"10.83.68.49",445,6,3,3,"10.83.84.244"
"1493288896.000",7501,2353,5148,"10.11.168.10",445,26,11,15,"10.84.42.134"
"1493287996.000",7565,2417,5148,"10.11.168.10",445,27,12,15,"10.84.42.134"
"1493281695.000",7501,2353,5148,"10.11.168.10",445,26,11,15,"10.84.42.134"
"1493270895.000",7501,2353,5148,"10.11.168.10",445,26,11,15,"10.84.42.134"
"1493268195.000",7501,2353,5148,"10.11.168.10",445,26,11,15,"10.84.42.134"
"1493232192.000",7565,2417,5148,"10.11.168.10",445,27,12,15,"10.84.42.134"
"1493206276.000",10121,2739,7382,"10.11.168.10",445,37,15,22,"10.84.42.134"
"1493204802.000",14228,4803,9425,"10.11.168.10",445,53,23,30,"10.84.42.134"
"1493198800.000",14100,4739,9361,"10.11.168.10",445,51,22,29,"10.84.42.134"
"1493170989.000",7565,2417,5148,"10.11.168.10",445,27,12,15,"10.84.42.134"
"1493696613.000",7501,2353,5148,"10.11.168.10",445,26,11,15,"10.84.42.134"
"1493692296.000",14099,4739,9360,"10.11.168.10",445,51,22,29,"10.84.42.134"
"1493692113.000",7565,2417,5148,"10.11.168.10",445,27,12,15,"10.84.42.134"
"1493689286.000",2008,1162,846,"10.83.185.3",445,15,6,9,"10.83.84.205"
"1493689285.000",352,212,140,"10.83.185.3",445,6,3,3,"10.83.84.205"
"1493685695.000",14164,4739,9425,"10.11.168.10",445,52,22,30,"10.84.42.134"
"1493684913.000",7501,2353,5148,"10.11.168.10",445,26,11,15,"10.84.42.134"
"1493681313.000",7890,2672,5218,"10.11.168.10",445,28,12,16,"10.84.42.134"
"1493677712.000",7501,2353,5148,"10.11.168.10",445,26,11,15,"10.84.42.134"
"1493676813.000",7501,2353,5148,"10.11.168.10",445,26,11,15,"10.84.42.134"
"1493673452.000",14100,4739,9361,"10.11.168.10",445,51,22,29,"10.84.42.134"
"1493669612.000",7501,2353,5148,"10.11.168.9",445,26,11,15,"10.84.42.134"
"1493667812.000",7565,2353,5212,"10.11.168.9",445,27,11,16,"10.84.42.134"
"1493667751.000",14228,4803,9425,"10.11.168.9",445,53,23,30,"10.84.42.134"
"1493655028.000",14164,4739,9425,"10.11.168.9",445,52,22,30,"10.84.42.134"
"1493654310.000",7501,2353,5148,"10.11.168.9",445,26,11,15,"10.84.42.134"
"1493649811.000",7501,2353,5148,"10.11.168.9",445,26,11,15,"10.84.42.134"
"1493638111.000",7501,2353,5148,"10.11.168.9",445,26,11,15,"10.84.42.134"
"1493594009.000",7501,2353,5148,"10.11.168.10",445,26,11,15,"10.84.42.134"
"1493591308.000",7501,2353,5148,"10.11.168.10",445,26,11,15,"10.84.42.134"
"1493580311.000",14228,4803,9425,"10.11.168.9",445,53,23,30,"10.84.42.134"
"1493666911.000",7501,2353,5148,"10.11.168.9",445,26,11,15,"10.84.42.134"
"1493666012.000",7501,2353,5148,"10.11.168.9",445,26,11,15,"10.84.42.134"
"1493665112.000",7565,2417,5148,"10.11.168.9",445,27,12,15,"10.84.42.134"
"1493661511.000",7565,2417,5148,"10.11.168.9",445,27,12,15,"10.84.42.134"
"1493657275.000",2000,1154,846,"10.83.68.49",445,15,6,9,"10.83.84.205"
"1493657275.000",352,212,140,"10.83.68.49",445,6,3,3,"10.83.84.205"
"1493657011.000",7501,2353,5148,"10.11.168.9",445,26,11,15,"10.84.42.134"
"1493653410.000",7500,2353,5147,"10.11.168.9",445,26,11,15,"10.84.42.134"
"1493652792.000",2000,1154,846,"10.83.68.49",445,15,6,9,"10.83.84.205"
"1493652792.000",352,212,140,"10.83.68.49",445,6,3,3,"10.83.84.205"
"1493652791.000",352,212,140,"10.83.68.49",445,6,3,3,"10.83.84.244"
"1493652791.000",282,142,140,"10.83.3.150",445,5,2,3,"10.83.84.244"
"1493652791.000",2000,1154,846,"10.83.68.49",445,15,6,9,"10.83.84.244"
"1493652791.000",282,142,140,"10.83.3.150",445,5,2,3,"10.83.84.205"
"1493652791.000",2008,1162,846,"10.83.3.150",445,15,6,9,"10.83.84.244"
"1493652655.000",2000,1154,846,"10.83.68.49",445,15,6,9,"10.83.84.244"
"1493652655.000",352,212,140,"10.83.68.49",445,6,3,3,"10.83.84.244"
"1493652649.000",138,78,60,"10.83.3.150",445,3,1,2,"10.83.84.244"
"1493652511.000",7501,2353,5148,"10.11.168.9",445,26,11,15,"10.84.42.134"
"1493652381.000",2000,1154,846,"10.83.68.49",445,15,6,9,"10.83.84.205"
"1493652381.000",352,212,140,"10.83.68.49",445,6,3,3,"10.83.84.205"
"1493652376.000",138,78,60,"10.83.3.150",445,3,1,2,"10.83.84.205"
"1493651819.000",2000,1154,846,"10.83.68.49",445,15,6,9,"10.83.84.205"
"1493651695.000",282,142,140,"10.83.3.150",445,5,2,3,"10.83.84.205"
"1493651694.000",352,212,140,"10.83.68.49",445,6,3,3,"10.83.84.205"
"1493651694.000",2008,1162,846,"10.83.3.150",445,15,6,9,"10.83.84.205"
"1493651694.000",2000,1154,846,"10.83.68.49",445,15,6,9,"10.83.84.205"
"1493645311.000",7501,2353,5148,"10.11.168.9",445,26,11,15,"10.84.42.134"
"1493643510.000",7501,2353,5148,"10.11.168.9",445,26,11,15,"10.84.42.134"
"1493640810.000",7501,2353,5148,"10.11.168.9",445,26,11,15,"10.84.42.134"
"1493636311.000",7565,2417,5148,"10.11.168.9",445,27,12,15,"10.84.42.134"
"1493627309.000",8073,2679,5394,"10.11.168.10",445,29,12,17,"10.84.42.134"
"1493663945.000",282,142,140,"10.83.68.126",445,5,2,3,"10.83.84.244"
"1493663944.000",1984,1138,846,"10.83.3.141",445,15,6,9,"10.83.84.244"
"1493663944.000",352,212,140,"10.83.3.141",445,6,3,3,"10.83.84.244"
"1493663943.000",2241,1395,846,"10.83.242.92",445,15,6,9,"10.83.84.244"
"1493663943.000",352,212,140,"10.83.242.92",445,6,3,3,"10.83.84.244"
"1493663943.000",2004,1158,846,"10.83.68.21",445,15,6,9,"10.83.84.244"
"1493663943.000",282,142,140,"10.83.68.21",445,5,2,3,"10.83.84.244"
"1493661329.000",14228,4803,9425,"10.11.168.9",445,53,23,30,"10.84.42.134"
"1493659711.000",7501,2353,5148,"10.11.168.9",445,26,11,15,"10.84.42.134"
"1493657912.000",7565,2417,5148,"10.11.168.9",445,27,12,15,"10.84.42.134"
"1493657274.000",1986,1140,846,"10.83.65.91",445,15,6,9,"10.83.84.205"
"1493657274.000",286,146,140,"10.83.65.91",445,5,2,3,"10.83.84.205"
"1493656111.000",7881,2663,5218,"10.11.168.9",445,28,12,16,"10.84.42.134"
"1493655211.000",7501,2353,5148,"10.11.168.9",445,26,11,15,"10.84.42.134"
"1493652945.000",2868,1760,1108,"10.83.65.81",445,18,8,10,"10.83.84.244"
"1493652945.000",352,212,140,"10.83.68.49",445,6,3,3,"10.83.84.244"
"1493652945.000",356,216,140,"10.83.65.91",445,6,3,3,"10.83.84.244"
"1493652945.000",2000,1154,846,"10.83.68.49",445,15,6,9,"10.83.84.244"
"1493652945.000",1986,1140,846,"10.83.65.91",445,15,6,9,"10.83.84.244"
"1493652945.000",352,212,140,"10.83.65.81",445,6,3,3,"10.83.84.205"
"1493652945.000",1987,1141,846,"10.83.65.81",445,15,6,9,"10.83.84.205"
"1493652944.000",2008,1162,846,"10.83.3.150",445,15,6,9,"10.83.84.205"
"1493652944.000",352,212,140,"10.83.68.49",445,6,3,3,"10.83.84.205"
"1493652944.000",282,142,140,"10.83.65.81",445,5,2,3,"10.83.84.244"
"1493652944.000",352,212,140,"10.83.3.150",445,6,3,3,"10.83.84.205"
"1493652944.000",2000,1154,846,"10.83.68.49",445,15,6,9,"10.83.84.205"
"1493652940.000",138,78,60,"10.83.3.150",445,3,1,2,"10.83.84.244"
"1493652939.000",138,78,60,"10.83.65.91",445,3,1,2,"10.83.84.205"
"1493652829.000",286,146,140,"10.83.65.91",445,5,2,3,"10.83.84.244"
"1493652828.000",282,142,140,"10.83.65.81",445,5,2,3,"10.83.84.244"
"1493652828.000",282,142,140,"10.83.3.150",445,5,2,3,"10.83.84.244"
"1493652828.000",1986,1140,846,"10.83.65.91",445,15,6,9,"10.83.84.244"
"1493652828.000",352,212,140,"10.83.68.49",445,6,3,3,"10.83.84.205"
"1493652828.000",352,212,140,"10.83.65.81",445,6,3,3,"10.83.84.205"
"1493652828.000",1987,1141,846,"10.83.65.81",445,15,6,9,"10.83.84.244"
"1493652828.000",356,216,140,"10.83.65.91",445,6,3,3,"10.83.84.205"
"1493652828.000",2000,1154,846,"10.83.68.49",445,15,6,9,"10.83.84.205"
"1493652828.000",352,212,140,"10.83.68.49",445,6,3,3,"10.83.84.244"
"1493652828.000",1938,1092,846,"10.83.3.150",445,14,5,9,"10.83.84.244"
"1493652828.000",1986,1140,846,"10.83.65.91",445,15,6,9,"10.83.84.205"
"1493652828.000",1987,1141,846,"10.83.65.81",445,15,6,9,"10.83.84.205"
"1493652828.000",2000,1154,846,"10.83.68.49",445,15,6,9,"10.83.84.244"
"1493652756.000",282,142,140,"10.83.3.150",445,5,2,3,"10.83.84.244"
"1493652756.000",2000,1154,846,"10.83.68.49",445,15,6,9,"10.83.84.205"
"1493652756.000",1938,1092,846,"10.83.3.150",445,14,5,9,"10.83.84.244"
"1493652756.000",352,212,140,"10.83.68.49",445,6,3,3,"10.83.84.205"
"1493652756.000",2000,1154,846,"10.83.68.49",445,15,6,9,"10.83.84.244"
"1493652756.000",352,212,140,"10.83.68.49",445,6,3,3,"10.83.84.244"
"1493652682.000",138,78,60,"10.83.3.150",445,3,1,2,"10.83.84.205"
"1493651723.000",2000,1154,846,"10.83.68.49",445,15,6,9,"10.83.84.244"
"1493651723.000",352,212,140,"10.83.68.49",445,6,3,3,"10.83.84.244"
"1493651658.000",2000,1154,846,"10.83.68.49",445,15,6,9,"10.83.84.244"
"1493651658.000",352,212,140,"10.83.68.49",445,6,3,3,"10.83.84.244"
"1493651657.000",352,212,140,"10.83.3.150",445,6,3,3,"10.83.84.244"
"1493651657.000",2000,1154,846,"10.83.68.49",445,15,6,9,"10.83.84.205"
"1493651657.000",2008,1162,846,"10.83.3.150",445,15,6,9,"10.83.84.205"
"1493651656.000",282,142,140,"10.83.3.150",445,5,2,3,"10.83.84.205"
"1493651618.000",282,142,140,"10.83.3.150",445,5,2,3,"10.83.84.205"
"1493651618.000",2000,1154,846,"10.83.68.49",445,15,6,9,"10.83.84.205"
"1493651618.000",352,212,140,"10.83.68.49",445,6,3,3,"10.83.84.205"
"1493651618.000",2008,1162,846,"10.83.3.150",445,15,6,9,"10.83.84.205"
"1493651611.000",7501,2353,5148,"10.11.168.9",445,26,11,15,"10.84.42.134"
"1493649398.000",138,78,60,"10.83.3.150",445,3,1,2,"10.83.84.205"
"1493646211.000",7501,2353,5148,"10.11.168.9",445,26,11,15,"10.84.42.134"
"1493642611.000",7501,2353,5148,"10.11.168.9",445,26,11,15,"10.84.42.134"
"1493641764.000",14228,4803,9425,"10.11.168.9",445,53,23,30,"10.84.42.134"
"1493635943.000",14228,4803,9425,"10.11.168.9",445,53,23,30,"10.84.42.134"
"1493634510.000",7565,2417,5148,"10.11.168.9",445,27,12,15,"10.84.42.134"
"1493633610.000",7565,2353,5212,"10.11.168.9",445,27,11,16,"10.84.42.134"
"1493635411.000",7501,2353,5148,"10.11.168.9",445,26,11,15,"10.84.42.134"
"1493630009.000",7501,2353,5148,"10.11.168.9",445,26,11,15,"10.84.42.134"
"1493614709.000",8469,3069,5400,"10.11.168.10",445,31,14,17,"10.84.42.134"
"1493624180.000",14164,4739,9425,"10.11.168.10",445,52,22,30,"10.84.42.134"
"1493611110.000",7565,2417,5148,"10.11.168.10",445,27,12,15,"10.84.42.134"
"1493602109.000",7501,2353,5148,"10.11.168.10",445,26,11,15,"10.84.42.134"
"1493238492.000",7501,2353,5148,"10.11.168.10",445,26,11,15,"10.84.42.134"
"1493234892.000",7501,2353,5148,"10.11.168.10",445,26,11,15,"10.84.42.134"
"1493205191.000",7501,2353,5148,"10.11.168.10",445,26,11,15,"10.84.42.134"
"1493197090.000",7501,2353,5148,"10.11.168.10",445,26,11,15,"10.84.42.134"
"1493192682.000",14453,5080,9373,"10.11.168.10",445,53,24,29,"10.84.42.134"
"1493190790.000",7501,2353,5148,"10.11.168.10",445,26,11,15,"10.84.42.134"
"1493184490.000",7501,2353,5148,"10.11.168.10",445,26,11,15,"10.84.42.134"
"1493183591.000",7565,2417,5148,"10.11.168.10",445,27,12,15,"10.84.42.134"
"1493182690.000",7501,2353,5148,"10.11.168.10",445,26,11,15,"10.84.42.134"
"1493631810.000",7881,2663,5218,"10.11.168.9",445,28,12,16,"10.84.42.134"
"1493630182.000",14228,4803,9425,"10.11.168.9",445,53,23,30,"10.84.42.134"
"1493629110.000",8073,2679,5394,"10.11.168.10",445,29,12,17,"10.84.42.134"
"1493621910.000",8073,2679,5394,"10.11.168.10",445,29,12,17,"10.84.42.134"
"1493621009.000",7501,2353,5148,"10.11.168.10",445,26,11,15,"10.84.42.134"
"1493619210.000",7501,2353,5148,"10.11.168.10",445,26,11,15,"10.84.42.134"
"1493611218.000",14446,4809,9637,"10.11.168.10",445,54,23,31,"10.84.42.134"
"1493606608.000",7501,2353,5148,"10.11.168.10",445,26,11,15,"10.84.42.134"
"1493601209.000",7501,2353,5148,"10.11.168.10",445,26,11,15,"10.84.42.134"
"1493597776.000",14164,4739,9425,"10.11.168.10",445,52,22,30,"10.84.42.134"
"1493625510.000",8137,2743,5394,"10.11.168.10",445,30,13,17,"10.84.42.134"
"1493624610.000",7501,2353,5148,"10.11.168.10",445,26,11,15,"10.84.42.134"
"1493620110.000",8137,2743,5394,"10.11.168.10",445,30,13,17,"10.84.42.134"
"1493617409.000",7501,2353,5148,"10.11.168.10",445,26,11,15,"10.84.42.134"
"1493594909.000",7501,2353,5148,"10.11.168.10",445,26,11,15,"10.84.42.134"
"1493589509.000",7501,2353,5148,"10.11.168.10",445,26,11,15,"10.84.42.134"
"1493580508.000",7501,2353,5148,"10.11.168.9",445,26,11,15,"10.84.42.134"
"1493577808.000",7501,2353,5148,"10.11.168.9",445,26,11,15,"10.84.42.134"
"1493576007.000",7501,2353,5148,"10.11.168.9",445,26,11,15,"10.84.42.134"
"1493558007.000",7501,2353,5148,"10.11.168.9",445,26,11,15,"10.84.42.134"
"1493557106.000",7565,2417,5148,"10.11.168.9",445,27,12,15,"10.84.42.134"
"1493592254.000",14228,4803,9425,"10.11.168.10",445,53,23,30,"10.84.42.134"
"1493588609.000",7501,2353,5148,"10.11.168.10",445,26,11,15,"10.84.42.134"
"1493586853.000",21489,9087,12402,"10.11.168.10",445,73,32,41,"10.84.42.134"
"1493584107.000",7501,2353,5148,"10.11.168.9",445,26,11,15,"10.84.42.134"
"1493573308.000",7565,2417,5148,"10.11.168.9",445,27,12,15,"10.84.42.134"
"1493571507.000",7501,2353,5148,"10.11.168.9",445,26,11,15,"10.84.42.134"
"1493590409.000",7501,2353,5148,"10.11.168.10",445,26,11,15,"10.84.42.134"
"1493586808.000",7501,2353,5148,"10.11.168.10",445,26,11,15,"10.84.42.134"
"1493581408.000",7501,2353,5148,"10.11.168.9",445,26,11,15,"10.84.42.134"
"1493579607.000",7501,2353,5148,"10.11.168.9",445,26,11,15,"10.84.42.134"
"1493575108.000",7501,2353,5148,"10.11.168.9",445,26,11,15,"10.84.42.134"
"1493569708.000",7565,2417,5148,"10.11.168.9",445,27,12,15,"10.84.42.134"
"1493567008.000",7501,2353,5148,"10.11.168.9",445,26,11,15,"10.84.42.134"
"1493574910.000",14773,5330,9443,"10.11.168.9",445,56,26,30,"10.84.42.134"
"1493567907.000",7565,2417,5148,"10.11.168.9",445,27,12,15,"10.84.42.134"
"1493565961.000",1476317511,31642177,1444675334,"10.188.60.18",445,1463748,508533,955215,"10.84.42.134"
"1493535163.000",10105,2739,7366,"10.11.168.10",445,37,15,22,"10.84.42.134"
"1493534605.000",7881,2663,5218,"10.11.168.10",445,28,12,16,"10.84.42.134"
"1493531006.000",7565,2353,5212,"10.11.168.10",445,27,11,16,"10.84.42.134"
"1493530106.000",7501,2353,5148,"10.11.168.10",445,26,11,15,"10.84.42.134"
"1493499113.000",14228,4803,9425,"10.11.168.10",445,53,23,30,"10.84.42.134"
"1493498605.000",7501,2353,5148,"10.11.168.10",445,26,11,15,"10.84.42.134"
"1493493204.000",7501,2353,5148,"10.11.168.9",445,26,11,15,"10.84.42.134"
"1493491404.000",7501,2353,5148,"10.11.168.9",445,26,11,15,"10.84.42.134"
"1493489604.000",7881,2663,5218,"10.11.168.9",445,28,12,16,"10.84.42.134"
"1493486904.000",7565,2417,5148,"10.11.168.9",445,27,12,15,"10.84.42.134"
"1493473403.000",7501,2353,5148,"10.11.168.9",445,26,11,15,"10.84.42.134"
"1493471603.000",7501,2353,5148,"10.11.168.9",445,26,11,15,"10.84.42.134"
"1493567829.000",14164,4739,9425,"10.11.168.9",445,52,22,30,"10.84.42.134"
"1493563407.000",7501,2353,5148,"10.11.168.9",445,26,11,15,"10.84.42.134"
"1493568808.000",7501,2353,5148,"10.11.168.9",445,26,11,15,"10.84.42.134"
"1493566108.000",7501,2353,5148,"10.11.168.9",445,26,11,15,"10.84.42.134"
"1493565207.000",7779,2423,5356,"10.11.168.9",445,28,12,16,"10.84.42.134"
"1493562508.000",7565,2417,5148,"10.11.168.9",445,27,12,15,"10.84.42.134"
"1493561167.000",14228,4803,9425,"10.11.168.9",445,53,23,30,"10.84.42.134"
"1493560805.000",22332,8254,14078,"10.11.168.9",445,66,27,39,"10.84.42.134"
"1493560707.000",7501,2353,5148,"10.11.168.9",445,26,11,15,"10.84.42.134"
"1493556207.000",7501,2353,5148,"10.11.168.9",445,26,11,15,"10.84.42.134"
"1493553507.000",7501,2353,5148,"10.11.168.9",445,26,11,15,"10.84.42.134"
"1493552607.000",7501,2353,5148,"10.11.168.9",445,26,11,15,"10.84.42.134"
"1493550807.000",7501,2353,5148,"10.11.168.9",445,26,11,15,"10.84.42.134"
"1493549907.000",7565,2417,5148,"10.11.168.9",445,27,12,15,"10.84.42.134"
"1493554406.000",7501,2353,5148,"10.11.168.9",445,26,11,15,"10.84.42.134"
"1493144888.000",7501,2353,5148,"10.11.168.10",445,26,11,15,"10.84.42.134"
"1493140585.000",14228,4803,9425,"10.11.168.10",445,53,23,30,"10.84.42.134"
"1493110687.000",7565,2417,5148,"10.11.168.9",445,27,12,15,"10.84.42.134"
"1493107087.000",7501,2353,5148,"10.11.168.9",445,26,11,15,"10.84.42.134"
"1493102417.000",14448,4873,9575,"10.11.168.9",445,55,24,31,"10.84.42.134"
"1493080986.000",7501,2353,5148,"10.11.168.9",445,26,11,15,"10.84.42.134"
"1493079186.000",7501,2353,5148,"10.11.168.9",445,26,11,15,"10.84.42.134"
"1493076486.000",7501,2353,5148,"10.11.168.9",445,26,11,15,"10.84.42.134"
"1493554025.000",14100,4739,9361,"10.11.168.9",445,51,22,29,"10.84.42.134"
"1493542707.000",7501,2353,5148,"10.11.168.9",445,26,11,15,"10.84.42.134"
"1493535506.000",7565,2353,5212,"10.11.168.10",445,27,11,16,"10.84.42.134"
"1493535173.000",115837,48299,67538,"10.11.168.10",445,425,209,216,"10.84.42.134"
"1493523299.000",21617,9151,12466,"10.11.168.10",445,75,33,42,"10.84.42.134"
"1493485104.000",7501,2353,5148,"10.11.168.9",445,26,11,15,"10.84.42.134"
"1493470703.000",7565,2417,5148,"10.11.168.9",445,27,12,15,"10.84.42.134"
"1493561607.000",7565,2417,5148,"10.11.168.9",445,27,12,15,"10.84.42.134"
"1493558906.000",7565,2417,5148,"10.11.168.9",445,27,12,15,"10.84.42.134"
"1493551707.000",7501,2353,5148,"10.11.168.9",445,26,11,15,"10.84.42.134"
"1493547784.000",14376,4945,9431,"10.11.168.9",445,53,23,30,"10.84.42.134"
"1493543606.000",7501,2353,5148,"10.11.168.9",445,26,11,15,"10.84.42.134"
"1493529541.000",14164,4739,9425,"10.11.168.10",445,52,22,30,"10.84.42.134"
"1493510305.000",7565,2417,5148,"10.11.168.10",445,27,12,15,"10.84.42.134"
"1493555306.000",7501,2353,5148,"10.11.168.9",445,26,11,15,"10.84.42.134"
"1493554503.000",22332,8254,14078,"10.11.168.9",445,66,27,39,"10.84.42.134"
"1493544506.000",7501,2353,5148,"10.11.168.9",445,26,11,15,"10.84.42.134"
"1493540006.000",7501,2353,5148,"10.11.168.10",445,26,11,15,"10.84.42.134"
"1493539106.000",7852,2487,5365,"10.11.168.10",445,29,13,16,"10.84.42.134"
"1493537306.000",7881,2663,5218,"10.11.168.10",445,28,12,16,"10.84.42.134"
"1493535242.000",14292,4867,9425,"10.11.168.10",445,54,24,30,"10.84.42.134"
"1493531905.000",7501,2353,5148,"10.11.168.10",445,26,11,15,"10.84.42.134"
"1493528306.000",7565,2417,5148,"10.11.168.10",445,27,12,15,"10.84.42.134"
"1493512105.000",7500,2353,5147,"10.11.168.10",445,26,11,15,"10.84.42.134"
"1493509405.000",7501,2353,5148,"10.11.168.10",445,26,11,15,"10.84.42.134"
"1493538206.000",7501,2353,5148,"10.11.168.10",445,26,11,15,"10.84.42.134"
"1493536406.000",7501,2353,5148,"10.11.168.10",445,26,11,15,"10.84.42.134"
"1493535190.000",1611100469,1607212848,3887621,"10.188.60.18",445,1108476,1061263,47213,"10.84.42.134"
"1493532806.000",7501,2353,5148,"10.11.168.10",445,26,11,15,"10.84.42.134"
"1493525605.000",7501,2353,5148,"10.11.168.10",445,26,11,15,"10.84.42.134"
"1493504995.000",14164,4739,9425,"10.11.168.10",445,52,22,30,"10.84.42.134"
"1493499505.000",7501,2353,5148,"10.11.168.10",445,26,11,15,"10.84.42.134"
"1493548107.000",7501,2353,5148,"10.11.168.9",445,26,11,15,"10.84.42.134"
"1493547600.000",22332,8254,14078,"10.11.168.9",445,66,27,39,"10.84.42.134"
"1493546307.000",7501,2353,5148,"10.11.168.9",445,26,11,15,"10.84.42.134"
"1493541806.000",7501,2353,5148,"10.11.168.9",445,26,11,15,"10.84.42.134"
"1493540906.000",7501,2353,5148,"10.11.168.10",445,26,11,15,"10.84.42.134"
"1493529205.000",7501,2353,5148,"10.11.168.10",445,26,11,15,"10.84.42.134"
"1493523806.000",7501,2353,5148,"10.11.168.10",445,26,11,15,"10.84.42.134"
"1493522006.000",7501,2353,5148,"10.11.168.10",445,26,11,15,"10.84.42.134"
"1493521105.000",7501,2353,5148,"10.11.168.10",445,26,11,15,"10.84.42.134"
"1493520205.000",7501,2353,5148,"10.11.168.10",445,26,11,15,"10.84.42.134"
"1493517658.000",14164,4739,9425,"10.11.168.10",445,52,22,30,"10.84.42.134"
"1493514804.000",7501,2353,5148,"10.11.168.10",445,26,11,15,"10.84.42.134"
"1493513904.000",7501,2353,5148,"10.11.168.10",445,26,11,15,"10.84.42.134"
"1493513005.000",7501,2353,5148,"10.11.168.10",445,26,11,15,"10.84.42.134"
"1493508504.000",7945,2727,5218,"10.11.168.10",445,29,13,16,"10.84.42.134"
"1493507604.000",7501,2353,5148,"10.11.168.10",445,26,11,15,"10.84.42.134"
"1493506705.000",7565,2417,5148,"10.11.168.10",445,27,12,15,"10.84.42.134"
"1493504905.000",7565,2417,5148,"10.11.168.10",445,27,12,15,"10.84.42.134"
"1493500405.000",7501,2353,5148,"10.11.168.10",445,26,11,15,"10.84.42.134"
"1493496805.000",7565,2353,5212,"10.11.168.10",445,27,11,16,"10.84.42.134"
"1493495905.000",7501,2353,5148,"10.11.168.9",445,26,11,15,"10.84.42.134"
"1493495003.000",7501,2353,5148,"10.11.168.9",445,26,11,15,"10.84.42.134"
"1493504004.000",7890,2672,5218,"10.11.168.10",445,28,12,16,"10.84.42.134"
"1493482404.000",7501,2353,5148,"10.11.168.9",445,26,11,15,"10.84.42.134"
"1493478804.000",7501,2353,5148,"10.11.168.9",445,26,11,15,"10.84.42.134"
"1493493292.000",14228,4803,9425,"10.11.168.9",445,53,23,30,"10.84.42.134"
"1493487804.000",7890,2672,5218,"10.11.168.9",445,28,12,16,"10.84.42.134"
"1493484203.000",7501,2353,5148,"10.11.168.9",445,26,11,15,"10.84.42.134"
"1493488703.000",7501,2353,5148,"10.11.168.9",445,26,11,15,"10.84.42.134"
"1493486812.000",14228,4803,9425,"10.11.168.9",445,53,23,30,"10.84.42.134"
"1493477003.000",7501,2353,5148,"10.11.168.9",445,26,11,15,"10.84.42.134"
"1493475203.000",7501,2353,5148,"10.11.168.9",445,26,11,15,"10.84.42.134"
"1493466203.000",7501,2353,5148,"10.11.168.9",445,26,11,15,"10.84.42.134"
"1493483303.000",7501,2353,5148,"10.11.168.9",445,26,11,15,"10.84.42.134"
"1493459903.000",7501,2353,5148,"10.11.168.9",445,26,11,15,"10.84.42.134"
"1493447302.000",7501,2353,5148,"10.11.168.9",445,26,11,15,"10.84.42.134"
"1493481290.000",14228,4803,9425,"10.11.168.9",445,53,23,30,"10.84.42.134"
"1493474328.000",14228,4803,9425,"10.11.168.9",445,53,23,30,"10.84.42.134"
"1493461665.000",21425,9087,12338,"10.11.168.9",445,72,32,40,"10.84.42.134"
"1493451802.000",7501,2353,5148,"10.11.168.9",445,26,11,15,"10.84.42.134"
"1493450003.000",7501,2353,5148,"10.11.168.9",445,26,11,15,"10.84.42.134"
"1493441002.000",7501,2353,5148,"10.11.168.9",445,26,11,15,"10.84.42.134"
"1493477904.000",7565,2417,5148,"10.11.168.9",445,27,12,15,"10.84.42.134"
"1493476103.000",7565,2417,5148,"10.11.168.9",445,27,12,15,"10.84.42.134"
"1493472502.000",7501,2353,5148,"10.11.168.9",445,26,11,15,"10.84.42.134"
"1493460802.000",7501,2353,5148,"10.11.168.9",445,26,11,15,"10.84.42.134"
"1493458102.000",7501,2353,5148,"10.11.168.9",445,26,11,15,"10.84.42.134"
"1493455403.000",7501,2353,5148,"10.11.168.9",445,26,11,15,"10.84.42.134"
"1493467427.000",14100,4739,9361,"10.11.168.9",445,51,22,29,"10.84.42.134"
"1493465302.000",7565,2417,5148,"10.11.168.9",445,27,12,15,"10.84.42.134"
"1493462603.000",7565,2353,5212,"10.11.168.9",445,27,11,16,"10.84.42.134"
"1493456303.000",7565,2417,5148,"10.11.168.9",445,27,12,15,"10.84.42.134"
"1493455964.000",14164,4739,9425,"10.11.168.9",445,52,22,30,"10.84.42.134"
"1493450903.000",7565,2417,5148,"10.11.168.9",445,27,12,15,"10.84.42.134"
"1493450383.000",14100,4739,9361,"10.11.168.9",445,51,22,29,"10.84.42.134"
"1493448202.000",7501,2353,5148,"10.11.168.9",445,26,11,15,"10.84.42.134"
"1493459002.000",7501,2353,5148,"10.11.168.9",445,26,11,15,"10.84.42.134"
"1493457203.000",7501,2353,5148,"10.11.168.9",445,26,11,15,"10.84.42.134"
"1493454502.000",7501,2353,5148,"10.11.168.9",445,26,11,15,"10.84.42.134"
"1493453603.000",7501,2353,5148,"10.11.168.9",445,26,11,15,"10.84.42.134"
"1493445502.000",7501,2353,5148,"10.11.168.9",445,26,11,15,"10.84.42.134"
"1493416701.000",7565,2417,5148,"10.11.168.9",445,27,12,15,"10.84.42.134"
"1493414901.000",7501,2353,5148,"10.11.168.9",445,26,11,15,"10.84.42.134"
"1493414000.000",7501,2353,5148,"10.11.168.9",445,26,11,15,"10.84.42.134"
"1493452703.000",7501,2353,5148,"10.11.168.9",445,26,11,15,"10.84.42.134"
"1493446402.000",7501,2353,5148,"10.11.168.9",445,26,11,15,"10.84.42.134"
"1493439202.000",7501,2353,5148,"10.11.168.9",445,26,11,15,"10.84.42.134"
"1493430201.000",7501,2353,5148,"10.11.168.9",445,26,11,15,"10.84.42.134"
"1493444022.000",14100,4739,9361,"10.11.168.9",445,51,22,29,"10.84.42.134"
"1493442802.000",7501,2353,5148,"10.11.168.9",445,26,11,15,"10.84.42.134"
"1493441901.000",7501,2353,5148,"10.11.168.9",445,26,11,15,"10.84.42.134"
"1493440102.000",7565,2417,5148,"10.11.168.9",445,27,12,15,"10.84.42.134"
"1493438302.000",7501,2353,5148,"10.11.168.9",445,26,11,15,"10.84.42.134"
"1493437402.000",7501,2353,5148,"10.11.168.9",445,26,11,15,"10.84.42.134"
"1493433802.000",7501,2353,5148,"10.11.168.9",445,26,11,15,"10.84.42.134"
"1493425701.000",7501,2353,5148,"10.11.168.9",445,26,11,15,"10.84.42.134"
"1493423900.000",7565,2417,5148,"10.11.168.9",445,27,12,15,"10.84.42.134"
"1493436502.000",7565,2417,5148,"10.11.168.9",445,27,12,15,"10.84.42.134"
"1493432002.000",7501,2353,5148,"10.11.168.9",445,26,11,15,"10.84.42.134"
"1493420857.000",14292,4867,9425,"10.11.168.9",445,54,24,30,"10.84.42.134"
"1493435602.000",7501,2353,5148,"10.11.168.9",445,26,11,15,"10.84.42.134"
"1493418501.000",7501,2353,5148,"10.11.168.9",445,26,11,15,"10.84.42.134"
"1493411301.000",7501,2353,5148,"10.11.168.9",445,26,11,15,"10.84.42.134"
"1493432379.000",14100,4739,9361,"10.11.168.9",445,51,22,29,"10.84.42.134"
"1493429301.000",7881,2663,5218,"10.11.168.9",445,28,12,16,"10.84.42.134"
"1493428402.000",7501,2353,5148,"10.11.168.9",445,26,11,15,"10.84.42.134"
"1493423001.000",7501,2353,5148,"10.11.168.9",445,26,11,15,"10.84.42.134"
"1493421201.000",7501,2353,5148,"10.11.168.9",445,26,11,15,"10.84.42.134"
"1493419401.000",7501,2353,5148,"10.11.168.9",445,26,11,15,"10.84.42.134"
"1493415801.000",7501,2353,5148,"10.11.168.9",445,26,11,15,"10.84.42.134"
"1493415215.000",14228,4803,9425,"10.11.168.9",445,53,23,30,"10.84.42.134"
"1493413101.000",7501,2353,5148,"10.11.168.9",445,26,11,15,"10.84.42.134"
"1493412201.000",7501,2353,5148,"10.11.168.9",445,26,11,15,"10.84.42.134"
"1493405900.000",7565,2417,5148,"10.11.168.10",445,27,12,15,"10.84.42.134"
"1493403091.000",22145,9667,12478,"10.11.168.10",445,77,35,42,"10.84.42.134"
"1493409501.000",7501,2353,5148,"10.11.168.9",445,26,11,15,"10.84.42.134"
"1493296096.000",7501,2353,5148,"10.11.168.10",445,26,11,15,"10.84.42.134"
"1493279895.000",7501,2353,5148,"10.11.168.10",445,26,11,15,"10.84.42.134"
"1493279881.000",21553,9151,12402,"10.11.168.10",445,74,33,41,"10.84.42.134"
"1493266395.000",7501,2353,5148,"10.11.168.10",445,26,11,15,"10.84.42.134"
"1493153890.000",7889,2672,5217,"10.11.168.10",445,28,12,16,"10.84.42.134"
"1493406800.000",7501,2353,5148,"10.11.168.10",445,26,11,15,"10.84.42.134"
"1493407701.000",7565,2417,5148,"10.11.168.10",445,27,12,15,"10.84.42.134"
"1493405000.000",7501,2353,5148,"10.11.168.10",445,26,11,15,"10.84.42.134"
"1493403201.000",7501,2353,5148,"10.11.168.10",445,26,11,15,"10.84.42.134"
"1493400499.000",7501,2353,5148,"10.11.168.10",445,26,11,15,"10.84.42.134"
"1493395099.000",7565,2417,5148,"10.11.168.10",445,27,12,15,"10.84.42.134"
"1493393300.000",7565,2417,5148,"10.11.168.10",445,27,12,15,"10.84.42.134"
"1493390609.000",20016,6076,13940,"10.11.168.10",445,69,29,40,"10.84.42.134"
"1493385199.000",7501,2353,5148,"10.11.168.10",445,26,11,15,"10.84.42.134"
"1493368099.000",7501,2353,5148,"10.11.168.10",445,26,11,15,"10.84.42.134"
"1493359098.000",7501,2353,5148,"10.11.168.9",445,26,11,15,"10.84.42.134"
"1493346498.000",7501,2353,5148,"10.11.168.9",445,26,11,15,"10.84.42.134"
"1493323139.000",352,212,140,"10.83.68.49",445,6,3,3,"10.83.84.244"
"1493323139.000",2000,1154,846,"10.83.68.49",445,15,6,9,"10.83.84.244"
"1493323138.000",1996,1150,846,"10.83.204.127",445,15,6,9,"10.83.84.244"
"1493323096.000",7501,2353,5148,"10.11.168.9",445,26,11,15,"10.84.42.134"
"1493404101.000",7565,2417,5148,"10.11.168.10",445,27,12,15,"10.84.42.134"
"1493402300.000",7501,2353,5148,"10.11.168.10",445,26,11,15,"10.84.42.134"
"1493401399.000",7501,2353,5148,"10.11.168.10",445,26,11,15,"10.84.42.134"
"1493391499.000",7501,2353,5148,"10.11.168.10",445,26,11,15,"10.84.42.134"
"1493375299.000",7501,2353,5148,"10.11.168.10",445,26,11,15,"10.84.42.134"
"1493374399.000",7501,2353,5148,"10.11.168.10",445,26,11,15,"10.84.42.134"
"1493350098.000",7501,2353,5148,"10.11.168.9",445,26,11,15,"10.84.42.134"
"1493347941.000",14228,4803,9425,"10.11.168.9",445,53,23,30,"10.84.42.134"
"1493344698.000",7501,2353,5148,"10.11.168.9",445,26,11,15,"10.84.42.134"
"1493397800.000",7501,2353,5148,"10.11.168.10",445,26,11,15,"10.84.42.134"
"1493394199.000",7565,2353,5212,"10.11.168.10",445,27,11,16,"10.84.42.134"
"1493387899.000",7501,2353,5148,"10.11.168.10",445,26,11,15,"10.84.42.134"
"1493396371.000",14504,5009,9495,"10.11.168.10",445,55,24,31,"10.84.42.134"
"1493389700.000",7565,2417,5148,"10.11.168.10",445,27,12,15,"10.84.42.134"
"1493386099.000",7565,2417,5148,"10.11.168.10",445,27,12,15,"10.84.42.134"
"1493380699.000",7565,2417,5148,"10.11.168.10",445,27,12,15,"10.84.42.134"
"1493377999.000",7501,2353,5148,"10.11.168.10",445,26,11,15,"10.84.42.134"
"1493376199.000",7501,2353,5148,"10.11.168.10",445,26,11,15,"10.84.42.134"
"1493381599.000",7501,2353,5148,"10.11.168.10",445,26,11,15,"10.84.42.134"
"1493381019.000",3407922,949350,2458572,"10.188.60.18",445,9028,4264,4764,"10.84.42.134"
"1493378338.000",23793,9776,14017,"10.11.168.10",445,71,32,39,"10.84.42.134"
"1493377098.000",7565,2417,5148,"10.11.168.10",445,27,12,15,"10.84.42.134"
"1493372599.000",7501,2353,5148,"10.11.168.10",445,26,11,15,"10.84.42.134"
"1493365399.000",7501,2353,5148,"10.11.168.10",445,26,11,15,"10.84.42.134"
"1493353555.000",27069,11347,15722,"10.11.168.9",445,82,36,46,"10.84.42.134"
"1493371442.000",22253,8254,13999,"10.11.168.10",445,66,27,39,"10.84.42.134"
"1493368999.000",7565,2353,5212,"10.11.168.10",445,27,11,16,"10.84.42.134"
"1493366299.000",7501,2353,5148,"10.11.168.10",445,26,11,15,"10.84.42.134"
"1493364960.000",23461,9034,14427,"10.11.168.10",445,73,31,42,"10.84.42.134"
"1493363599.000",7501,2353,5148,"10.11.168.10",445,26,11,15,"10.84.42.134"
"1493359999.000",7881,2663,5218,"10.11.168.9",445,28,12,16,"10.84.42.134"
"1493353697.000",7501,2353,5148,"10.11.168.9",445,26,11,15,"10.84.42.134"
"1493341939.000",21425,9087,12338,"10.11.168.9",445,72,32,40,"10.84.42.134"
"1493327597.000",7501,2353,5148,"10.11.168.9",445,26,11,15,"10.84.42.134"
"1493324948.000",2000,1154,846,"10.83.68.49",445,15,6,9,"10.83.84.244"
"1493324948.000",352,212,140,"10.83.68.49",445,6,3,3,"10.83.84.244"
"1493321322.000",82,0,82,"136.98.140.1",445,1,0,1,"10.83.84.244"
"1493369899.000",7565,2417,5148,"10.11.168.10",445,27,12,15,"10.84.42.134"
"1493367199.000",7501,2353,5148,"10.11.168.10",445,26,11,15,"10.84.42.134"
"1493364498.000",7565,2417,5148,"10.11.168.10",445,27,12,15,"10.84.42.134"
"1493361799.000",7501,2353,5148,"10.11.168.9",445,26,11,15,"10.84.42.134"
"1493359198.000",22253,8254,13999,"10.11.168.9",445,66,27,39,"10.84.42.134"
"1493357297.000",7565,2417,5148,"10.11.168.9",445,27,12,15,"10.84.42.134"
"1493366244.000",14228,4803,9425,"10.11.168.10",445,53,23,30,"10.84.42.134"
"1493360122.000",14100,4739,9361,"10.11.168.9",445,51,22,29,"10.84.42.134"
"1493358197.000",7501,2353,5148,"10.11.168.9",445,26,11,15,"10.84.42.134"
"1493343797.000",7501,2353,5148,"10.11.168.9",445,26,11,15,"10.84.42.134"
"1493342898.000",7501,2353,5148,"10.11.168.9",445,26,11,15,"10.84.42.134"
"1493335757.000",14228,4803,9425,"10.11.168.9",445,53,23,30,"10.84.42.134"
"1493334796.000",7501,2353,5148,"10.11.168.9",445,26,11,15,"10.84.42.134"
"1493333896.000",7501,2353,5148,"10.11.168.9",445,26,11,15,"10.84.42.134"
"1493332997.000",7700,2483,5217,"10.11.168.9",445,28,12,16,"10.84.42.134"
"1493326697.000",7501,2353,5148,"10.11.168.9",445,26,11,15,"10.84.42.134"
"1493325797.000",7565,2353,5212,"10.11.168.9",445,27,11,16,"10.84.42.134"
"1493329397.000",7501,2353,5148,"10.11.168.9",445,26,11,15,"10.84.42.134"
"1493317573.000",14658,5015,9643,"10.11.168.10",445,55,24,31,"10.84.42.134"
"1493317045.000",2000,1154,846,"10.83.68.49",445,15,6,9,"10.83.84.244"
"1493317045.000",352,212,140,"10.83.68.215",445,6,3,3,"10.83.84.244"
"1493317044.000",352,212,140,"10.83.68.49",445,6,3,3,"10.83.84.244"
"1493317044.000",1992,1146,846,"10.83.68.215",445,15,6,9,"10.83.84.244"
"1493317034.000",82,0,82,"136.98.140.1",445,1,0,1,"10.83.84.244"
"1493316963.000",282,142,140,"10.83.68.215",445,5,2,3,"10.83.84.244"
"1493316963.000",2000,1154,846,"10.83.68.49",445,15,6,9,"10.83.84.244"
"1493316963.000",352,212,140,"10.83.68.49",445,6,3,3,"10.83.84.244"
"1493316963.000",1992,1146,846,"10.83.68.215",445,15,6,9,"10.83.84.244"
"1493312902.000",286,146,140,"10.83.65.91",445,5,2,3,"10.83.84.244"
"1493312902.000",282,142,140,"10.83.42.91",445,5,2,3,"10.83.84.244"
"1493312902.000",2000,1154,846,"10.83.68.49",445,15,6,9,"10.83.84.244"
"1493312902.000",2008,1162,846,"10.83.42.91",445,15,6,9,"10.83.84.244"
"1493309578.000",2008,1162,846,"10.83.3.150",445,15,6,9,"10.83.84.244"
"1493309578.000",1986,1140,846,"10.83.65.91",445,15,6,9,"10.83.84.244"
"1493309578.000",282,142,140,"10.83.134.91",445,5,2,3,"10.83.84.244"
"1493309578.000",356,216,140,"10.83.65.91",445,6,3,3,"10.83.84.244"
"1493309578.000",282,142,140,"10.83.185.3",445,5,2,3,"10.83.84.244"
"1493309578.000",2008,1162,846,"10.83.185.3",445,15,6,9,"10.83.84.244"
"1493309578.000",1987,1141,846,"10.83.134.91",445,15,6,9,"10.83.84.244"
"1493309577.000",282,142,140,"10.83.3.150",445,5,2,3,"10.83.84.244"
"1493309542.000",282,142,140,"10.83.134.91",445,5,2,3,"10.83.84.244"
"1493309542.000",282,142,140,"10.83.185.3",445,5,2,3,"10.83.84.244"
"1493309542.000",1987,1141,846,"10.83.134.91",445,15,6,9,"10.83.84.244"
"1493309542.000",2008,1162,846,"10.83.185.3",445,15,6,9,"10.83.84.244"
"1493309537.000",138,78,60,"10.83.3.150",445,3,1,2,"10.83.84.244"
"1493309532.000",82,0,82,"136.98.40.1",445,1,0,1,"10.83.84.244"
"1493307796.000",7565,2417,5148,"10.11.168.10",445,27,12,15,"10.84.42.134"
"1493302395.000",7565,2417,5148,"10.11.168.10",445,27,12,15,"10.84.42.134"
"1493295196.000",7565,2353,5212,"10.11.168.10",445,27,11,16,"10.84.42.134"
"1493286195.000",7565,2417,5148,"10.11.168.10",445,27,12,15,"10.84.42.134"
"1493322197.000",7501,2353,5148,"10.11.168.9",445,26,11,15,"10.84.42.134"
"1493321333.000",352,212,140,"10.83.68.215",445,6,3,3,"10.83.84.244"
"1493321332.000",1996,1150,846,"10.83.204.127",445,15,6,9,"10.83.84.244"
"1493321332.000",282,142,140,"10.83.204.127",445,5,2,3,"10.83.84.244"
"1493321332.000",1992,1146,846,"10.83.68.215",445,15,6,9,"10.83.84.244"
"1493320397.000",7565,2353,5212,"10.11.168.9",445,27,11,16,"10.84.42.134"
"1493318240.000",82,0,82,"136.98.140.1",445,1,0,1,"10.83.84.244"
"1493314096.000",7501,2353,5148,"10.11.168.10",445,26,11,15,"10.84.42.134"
"1493312297.000",7501,2353,5148,"10.11.168.10",445,26,11,15,"10.84.42.134"
"1493310981.000",2008,1162,846,"10.83.3.150",445,15,6,9,"10.83.84.244"
"1493310981.000",352,212,140,"10.83.68.49",445,6,3,3,"10.83.84.244"
"1493310981.000",282,142,140,"10.83.3.150",445,5,2,3,"10.83.84.244"
"1493310981.000",1986,1140,846,"10.83.65.91",445,15,6,9,"10.83.84.244"
"1493310981.000",356,216,140,"10.83.65.91",445,6,3,3,"10.83.84.244"
"1493310981.000",2000,1154,846,"10.83.68.49",445,15,6,9,"10.83.84.244"
"1493310980.000",282,142,140,"10.83.42.91",445,5,2,3,"10.83.84.244"
"1493310980.000",2008,1162,846,"10.83.42.91",445,15,6,9,"10.83.84.244"
"1493310660.000",2000,1154,846,"10.83.68.49",445,15,6,9,"10.83.84.244"
"1493310660.000",282,142,140,"10.83.3.150",445,5,2,3,"10.83.84.244"
"1493310660.000",352,212,140,"10.83.68.49",445,6,3,3,"10.83.84.244"
"1493310660.000",2008,1162,846,"10.83.3.150",445,15,6,9,"10.83.84.244"
"1493310296.000",2008,1162,846,"10.83.3.150",445,15,6,9,"10.83.84.244"
"1493310295.000",2000,1154,846,"10.83.68.49",445,15,6,9,"10.83.84.244"
"1493310295.000",352,212,140,"10.83.68.49",445,6,3,3,"10.83.84.244"
"1493310295.000",2008,1162,846,"10.83.42.91",445,15,6,9,"10.83.84.244"
"1493310295.000",1986,1140,846,"10.83.65.91",445,15,6,9,"10.83.84.244"
"1493310295.000",282,142,140,"10.83.3.150",445,5,2,3,"10.83.84.244"
"1493310295.000",282,142,140,"10.83.42.91",445,5,2,3,"10.83.84.244"
"1493310295.000",286,146,140,"10.83.65.91",445,5,2,3,"10.83.84.244"
"1493290696.000",7501,2353,5148,"10.11.168.10",445,26,11,15,"10.84.42.134"
"1493289796.000",7565,2417,5148,"10.11.168.10",445,27,12,15,"10.84.42.134"
"1493285295.000",7501,2353,5148,"10.11.168.10",445,26,11,15,"10.84.42.134"
"1493276295.000",7501,2353,5148,"10.11.168.10",445,26,11,15,"10.84.42.134"
"1493273595.000",7565,2417,5148,"10.11.168.10",445,27,12,15,"10.84.42.134"
"1493272694.000",7821,2423,5398,"10.11.168.10",445,29,12,17,"10.84.42.134"
"1493271795.000",7501,2353,5148,"10.11.168.10",445,26,11,15,"10.84.42.134"
"1493318596.000",7501,2353,5148,"10.11.168.10",445,26,11,15,"10.84.42.134"
"1493316953.000",82,0,82,"136.98.140.1",445,1,0,1,"10.83.84.244"
"1493316747.000",352,212,140,"10.83.68.49",445,6,3,3,"10.83.84.244"
"1493316715.000",2000,1154,846,"10.83.68.49",445,15,6,9,"10.83.84.244"
"1493316715.000",352,212,140,"10.83.68.49",445,6,3,3,"10.83.84.244"
"1493310210.000",82,0,82,"136.98.40.1",445,1,0,1,"10.83.84.244"
"1493300596.000",7501,2353,5148,"10.11.168.10",445,26,11,15,"10.84.42.134"
"1493298795.000",7565,2417,5148,"10.11.168.10",445,27,12,15,"10.84.42.134"
"1493251994.000",7565,2417,5148,"10.11.168.10",445,27,12,15,"10.84.42.134"
"1493249293.000",7501,2353,5148,"10.11.168.10",445,26,11,15,"10.84.42.134"
"1493248394.000",7501,2353,5148,"10.11.168.10",445,26,11,15,"10.84.42.134"
"1493246751.000",14676,4809,9867,"10.11.168.10",445,53,23,30,"10.84.42.134"
"1493246593.000",7565,2417,5148,"10.11.168.10",445,27,12,15,"10.84.42.134"
"1493242094.000",7501,2353,5148,"10.11.168.10",445,26,11,15,"10.84.42.134"
"1493235288.000",14228,4803,9425,"10.11.168.10",445,53,23,30,"10.84.42.134"
"1493206264.000",97423,38966,58457,"10.11.168.10",445,371,182,189,"10.84.42.134"
"1493195291.000",7501,2353,5148,"10.11.168.10",445,26,11,15,"10.84.42.134"
"1493185391.000",7565,2417,5148,"10.11.168.10",445,27,12,15,"10.84.42.134"
"1493157489.000",7501,2353,5148,"10.11.168.10",445,26,11,15,"10.84.42.134"
"1493317003.000",2000,1154,846,"10.83.68.49",445,15,6,9,"10.83.84.244"
"1493317002.000",282,142,140,"10.83.68.215",445,5,2,3,"10.83.84.244"
"1493317002.000",1992,1146,846,"10.83.68.215",445,15,6,9,"10.83.84.244"
"1493317002.000",352,212,140,"10.83.68.49",445,6,3,3,"10.83.84.244"
"1493316924.000",352,212,140,"10.83.68.49",445,6,3,3,"10.83.84.244"
"1493316924.000",2000,1154,846,"10.83.68.49",445,15,6,9,"10.83.84.244"
"1493316924.000",282,142,140,"10.83.68.215",445,5,2,3,"10.83.84.244"
"1493316924.000",1992,1146,846,"10.83.68.215",445,15,6,9,"10.83.84.244"
"1493316815.000",2000,1154,846,"10.83.68.49",445,15,6,9,"10.83.84.244"
"1493316815.000",352,212,140,"10.83.68.49",445,6,3,3,"10.83.84.244"
"1493316796.000",7565,2417,5148,"10.11.168.10",445,27,12,15,"10.84.42.134"
"1493310248.000",82,0,82,"136.98.40.1",445,1,0,1,"10.83.84.244"
"1493309596.000",7501,2353,5148,"10.11.168.10",445,26,11,15,"10.84.42.134"
"1493306896.000",7501,2353,5148,"10.11.168.10",445,26,11,15,"10.84.42.134"
"1493293396.000",7565,2417,5148,"10.11.168.10",445,27,12,15,"10.84.42.134"
"1493287095.000",7701,2423,5278,"10.11.168.10",445,28,12,16,"10.84.42.134"
"1493285463.000",14100,4739,9361,"10.11.168.10",445,51,22,29,"10.84.42.134"
"1493280794.000",7501,2353,5148,"10.11.168.10",445,26,11,15,"10.84.42.134"
"1493278995.000",7565,2417,5148,"10.11.168.10",445,27,12,15,"10.84.42.134"
"1493272800.000",14228,4803,9425,"10.11.168.10",445,53,23,30,"10.84.42.134"
"1493257394.000",7629,2417,5212,"10.11.168.10",445,28,12,16,"10.84.42.134"
"1493255593.000",7501,2353,5148,"10.11.168.10",445,26,11,15,"10.84.42.134"
"1493253794.000",7565,2417,5148,"10.11.168.10",445,27,12,15,"10.84.42.134"
"1493252752.000",14164,4739,9425,"10.11.168.10",445,52,22,30,"10.84.42.134"
"1493247494.000",7501,2353,5148,"10.11.168.10",445,26,11,15,"10.84.42.134"
"1493245694.000",7501,2353,5148,"10.11.168.10",445,26,11,15,"10.84.42.134"
"1493244794.000",7565,2417,5148,"10.11.168.10",445,27,12,15,"10.84.42.134"
"1493315897.000",7501,2353,5148,"10.11.168.10",445,26,11,15,"10.84.42.134"
"1493314703.000",2000,1154,846,"10.83.68.49",445,15,6,9,"10.83.84.244"
"1493314703.000",352,212,140,"10.83.68.49",445,6,3,3,"10.83.84.244"
"1493314702.000",1986,1140,846,"10.83.65.91",445,15,6,9,"10.83.84.244"
"1493314702.000",356,216,140,"10.83.65.91",445,6,3,3,"10.83.84.244"
"1493314702.000",282,142,140,"10.83.3.150",445,5,2,3,"10.83.84.244"
"1493311397.000",7501,2353,5148,"10.11.168.10",445,26,11,15,"10.84.42.134"
"1493310497.000",7501,2353,5148,"10.11.168.10",445,26,11,15,"10.84.42.134"
"1493310495.000",2000,1154,846,"10.83.68.49",445,15,6,9,"10.83.84.244"
"1493310495.000",2008,1162,846,"10.83.3.150",445,15,6,9,"10.83.84.244"
"1493310495.000",282,142,140,"10.83.3.150",445,5,2,3,"10.83.84.244"
"1493310495.000",352,212,140,"10.83.68.49",445,6,3,3,"10.83.84.244"
"1493310494.000",356,216,140,"10.83.65.91",445,6,3,3,"10.83.84.244"
"1493310494.000",1986,1140,846,"10.83.65.91",445,15,6,9,"10.83.84.244"
"1493310489.000",138,78,60,"10.83.42.91",445,3,1,2,"10.83.84.244"
"1493310221.000",352,212,140,"10.83.68.49",445,6,3,3,"10.83.84.244"
"1493310221.000",2000,1154,846,"10.83.68.49",445,15,6,9,"10.83.84.244"
"1493310220.000",1987,1141,846,"10.83.134.91",445,15,6,9,"10.83.84.244"
"1493310220.000",352,212,140,"10.83.134.91",445,6,3,3,"10.83.84.244"
"1493310220.000",356,216,140,"10.83.65.91",445,6,3,3,"10.83.84.244"
"1493309605.000",82,0,82,"136.98.40.1",445,1,0,1,"10.83.84.244"
"1493317277.000",82,0,82,"136.98.140.1",445,1,0,1,"10.83.84.244"
"1493310259.000",352,212,140,"10.83.68.49",445,6,3,3,"10.83.84.244"
"1493310259.000",2000,1154,846,"10.83.68.49",445,15,6,9,"10.83.84.244"
"1493310258.000",2008,1162,846,"10.83.42.91",445,15,6,9,"10.83.84.244"
"1493310258.000",1987,1141,846,"10.83.134.91",445,15,6,9,"10.83.84.244"
"1493310258.000",282,142,140,"10.83.42.91",445,5,2,3,"10.83.84.244"
"1493310257.000",1986,1140,846,"10.83.65.91",445,15,6,9,"10.83.84.244"
"1493310257.000",286,146,140,"10.83.65.91",445,5,2,3,"10.83.84.244"
"1493310257.000",2008,1162,846,"10.83.3.150",445,15,6,9,"10.83.84.244"
"1493310257.000",352,212,140,"10.83.3.150",445,6,3,3,"10.83.84.244"
"1493310174.000",82,0,82,"136.98.40.1",445,1,0,1,"10.83.84.244"
"1493309568.000",82,0,82,"136.98.40.1",445,1,0,1,"10.83.84.244"
"1493309565.000",352,212,140,"10.83.185.3",445,6,3,3,"10.83.84.244"
"1493309565.000",352,212,140,"10.83.134.91",445,6,3,3,"10.83.84.244"
"1493309565.000",356,216,140,"10.83.65.91",445,6,3,3,"10.83.84.244"
"1493309565.000",1987,1141,846,"10.83.134.91",445,15,6,9,"10.83.84.244"
"1493309565.000",352,212,140,"10.83.3.150",445,6,3,3,"10.83.84.244"
"1493309565.000",1986,1140,846,"10.83.65.91",445,15,6,9,"10.83.84.244"
"1493309565.000",2008,1162,846,"10.83.185.3",445,15,6,9,"10.83.84.244"
"1493309565.000",2008,1162,846,"10.83.3.150",445,15,6,9,"10.83.84.244"
"1493309555.000",82,0,82,"136.98.40.1",445,1,0,1,"10.83.84.244"
"1493304195.000",7501,2353,5148,"10.11.168.10",445,26,11,15,"10.84.42.134"
"1493294296.000",7501,2353,5148,"10.11.168.10",445,26,11,15,"10.84.42.134"
"1493291596.000",7629,2417,5212,"10.11.168.10",445,28,12,16,"10.84.42.134"
"1493277195.000",7565,2417,5148,"10.11.168.10",445,27,12,15,"10.84.42.134"
"1493263694.000",7501,2353,5148,"10.11.168.10",445,26,11,15,"10.84.42.134"
"1493260994.000",7565,2417,5148,"10.11.168.10",445,27,12,15,"10.84.42.134"
"1493259597.000",14164,4739,9425,"10.11.168.10",445,52,22,30,"10.84.42.134"
"1493256494.000",7501,2353,5148,"10.11.168.10",445,26,11,15,"10.84.42.134"
"1493266619.000",14164,4739,9425,"10.11.168.10",445,52,22,30,"10.84.42.134"
"1493264595.000",7501,2353,5148,"10.11.168.10",445,26,11,15,"10.84.42.134"
"1493261895.000",7501,2353,5148,"10.11.168.10",445,26,11,15,"10.84.42.134"
"1493254694.000",7501,2353,5148,"10.11.168.10",445,26,11,15,"10.84.42.134"
"1493224092.000",7501,2353,5148,"10.11.168.10",445,26,11,15,"10.84.42.134"
"1493215092.000",7779,2423,5356,"10.11.168.10",445,28,12,16,"10.84.42.134"
"1493212169.000",22476,8382,14094,"10.11.168.10",445,68,29,39,"10.84.42.134"
"1493210592.000",7501,2353,5148,"10.11.168.10",445,26,11,15,"10.84.42.134"
"1493185595.000",14480,5049,9431,"10.11.168.10",445,53,23,30,"10.84.42.134"
"1493177289.000",7501,2353,5148,"10.11.168.10",445,26,11,15,"10.84.42.134"
"1493147588.000",7501,2353,5148,"10.11.168.10",445,26,11,15,"10.84.42.134"
"1493140388.000",7501,2353,5148,"10.11.168.10",445,26,11,15,"10.84.42.134"
"1493129123.000",14100,4739,9361,"10.11.168.10",445,51,22,29,"10.84.42.134"
"1493125087.000",7501,2353,5148,"10.11.168.10",445,26,11,15,"10.84.42.134"
"1493117887.000",7501,2353,5148,"10.11.168.10",445,26,11,15,"10.84.42.134"
"1493103487.000",7565,2417,5148,"10.11.168.9",445,27,12,15,"10.84.42.134"
"1493098987.000",8137,2679,5458,"10.11.168.9",445,30,12,18,"10.84.42.134"
"1493094978.000",1589887407,1586036339,3851068,"10.188.60.18",445,1093834,1047242,46592,"10.84.42.134"
"1493094970.000",25862,10425,15437,"10.11.168.9",445,76,32,44,"10.84.42.134"
"1493269994.000",7501,2353,5148,"10.11.168.10",445,26,11,15,"10.84.42.134"
"1493269095.000",7501,2353,5148,"10.11.168.10",445,26,11,15,"10.84.42.134"
"1493259194.000",7565,2417,5148,"10.11.168.10",445,27,12,15,"10.84.42.134"
"1493258294.000",7501,2353,5148,"10.11.168.10",445,26,11,15,"10.84.42.134"
"1493236693.000",7501,2353,5148,"10.11.168.10",445,26,11,15,"10.84.42.134"
"1493251094.000",7501,2353,5148,"10.11.168.10",445,26,11,15,"10.84.42.134"
"1493237593.000",7565,2417,5148,"10.11.168.10",445,27,12,15,"10.84.42.134"
"1493212392.000",7565,2417,5148,"10.11.168.10",445,27,12,15,"10.84.42.134"
"1493201590.000",7881,2663,5218,"10.11.168.10",445,28,12,16,"10.84.42.134"
"1493200691.000",7501,2353,5148,"10.11.168.10",445,26,11,15,"10.84.42.134"
"1493199790.000",7565,2417,5148,"10.11.168.10",445,27,12,15,"10.84.42.134"
"1493161989.000",7565,2417,5148,"10.11.168.10",445,27,12,15,"10.84.42.134"
"1493152989.000",7565,2417,5148,"10.11.168.10",445,27,12,15,"10.84.42.134"
"1493147186.000",14440,5009,9431,"10.11.168.10",445,54,24,30,"10.84.42.134"
"1493124187.000",7565,2417,5148,"10.11.168.10",445,27,12,15,"10.84.42.134"
"1493100786.000",8073,2679,5394,"10.11.168.9",445,29,12,17,"10.84.42.134"
"1493082786.000",7501,2353,5148,"10.11.168.9",445,26,11,15,"10.84.42.134"
"1493068386.000",7881,2663,5218,"10.11.168.9",445,28,12,16,"10.84.42.134"
"1493066586.000",7501,2353,5148,"10.11.168.9",445,26,11,15,"10.84.42.134"
"1493065686.000",7565,2417,5148,"10.11.168.9",445,27,12,15,"10.84.42.134"
"1493062985.000",7501,2353,5148,"10.11.168.9",445,26,11,15,"10.84.42.134"
"1493052186.000",7501,2353,5148,"10.11.168.9",445,26,11,15,"10.84.42.134"
"1493051700.000",1987,1141,846,"10.83.29.108",445,15,6,9,"10.83.84.244"
"1493051700.000",282,142,140,"10.83.29.108",445,5,2,3,"10.83.84.244"
"1493049319.000",352,212,140,"10.83.29.108",445,6,3,3,"10.83.84.244"
"1493049319.000",282,142,140,"10.83.42.91",445,5,2,3,"10.83.84.244"
"1493049125.000",138,78,60,"10.83.42.91",445,3,1,2,"10.83.84.244"
"1493049124.000",138,78,60,"10.83.29.108",445,3,1,2,"10.83.84.244"
"1493049124.000",138,78,60,"10.83.3.150",445,3,1,2,"10.83.84.244"
"1493042284.000",7501,2353,5148,"10.11.168.9",445,26,11,15,"10.84.42.134"
"1493041978.000",3428784,951699,2477085,"10.188.60.18",445,9077,4287,4790,"10.84.42.134"
"1493020683.000",7501,2353,5148,"10.11.168.10",445,26,11,15,"10.84.42.134"
"1493014383.000",7501,2353,5148,"10.11.168.10",445,26,11,15,"10.84.42.134"
"1493013484.000",7954,2736,5218,"10.11.168.10",445,29,13,16,"10.84.42.134"
"1492988281.000",7501,2353,5148,"10.11.168.10",445,26,11,15,"10.84.42.134"
"1492963980.000",7501,2353,5148,"10.11.168.10",445,26,11,15,"10.84.42.134"
"1492945080.000",7565,2417,5148,"10.11.168.10",445,27,12,15,"10.84.42.134"
"1493241193.000",7565,2417,5148,"10.11.168.10",445,27,12,15,"10.84.42.134"
"1493241050.000",14164,4739,9425,"10.11.168.10",445,52,22,30,"10.84.42.134"
"1493235793.000",7565,2417,5148,"10.11.168.10",445,27,12,15,"10.84.42.134"
"1493228592.000",7501,2353,5148,"10.11.168.10",445,26,11,15,"10.84.42.134"
"1493227693.000",7501,2353,5148,"10.11.168.10",445,26,11,15,"10.84.42.134"
"1493226792.000",7565,2417,5148,"10.11.168.10",445,27,12,15,"10.84.42.134"
"1493202491.000",7501,2353,5148,"10.11.168.10",445,26,11,15,"10.84.42.134"
"1493225893.000",7501,2353,5148,"10.11.168.10",445,26,11,15,"10.84.42.134"
"1493224993.000",7501,2353,5148,"10.11.168.10",445,26,11,15,"10.84.42.134"
"1493224246.000",14228,4803,9425,"10.11.168.10",445,53,23,30,"10.84.42.134"
"1493221392.000",7501,2353,5148,"10.11.168.10",445,26,11,15,"10.84.42.134"
"1493217791.000",7501,2353,5148,"10.11.168.10",445,26,11,15,"10.84.42.134"
"1493209691.000",7501,2353,5148,"10.11.168.10",445,26,11,15,"10.84.42.134"
"1493207891.000",7501,2353,5148,"10.11.168.10",445,26,11,15,"10.84.42.134"
"1493206301.000",2405871088,2400140509,5730579,"10.188.60.18",445,1657166,1583043,74123,"10.84.42.134"
"1493206291.000",26000,10553,15447,"10.11.168.10",445,78,34,44,"10.84.42.134"
"1493204292.000",7501,2353,5148,"10.11.168.10",445,26,11,15,"10.84.42.134"
"1493188990.000",7565,2417,5148,"10.11.168.10",445,27,12,15,"10.84.42.134"
"1493181790.000",7565,2417,5148,"10.11.168.10",445,27,12,15,"10.84.42.134"
"1493180890.000",7873,2649,5224,"10.11.168.10",445,27,11,16,"10.84.42.134"
"1493176389.000",7501,2353,5148,"10.11.168.10",445,26,11,15,"10.84.42.134"
"1493172790.000",7501,2353,5148,"10.11.168.10",445,26,11,15,"10.84.42.134"
"1493194390.000",7565,2417,5148,"10.11.168.10",445,27,12,15,"10.84.42.134"
"1493191690.000",7501,2353,5148,"10.11.168.10",445,26,11,15,"10.84.42.134"
"1493187190.000",7565,2417,5148,"10.11.168.10",445,27,12,15,"10.84.42.134"
"1493178189.000",7501,2353,5148,"10.11.168.10",445,26,11,15,"10.84.42.134"
"1493141289.000",7501,2353,5148,"10.11.168.10",445,26,11,15,"10.84.42.134"
"1493108887.000",7565,2417,5148,"10.11.168.9",445,27,12,15,"10.84.42.134"
"1493106187.000",8137,2743,5394,"10.11.168.9",445,30,13,17,"10.84.42.134"
"1493178694.000",14228,4803,9425,"10.11.168.10",445,53,23,30,"10.84.42.134"
"1493173689.000",7501,2353,5148,"10.11.168.10",445,26,11,15,"10.84.42.134"
"1493172212.000",14164,4739,9425,"10.11.168.10",445,52,22,30,"10.84.42.134"
"1493168289.000",7565,2353,5212,"10.11.168.10",445,27,11,16,"10.84.42.134"
"1493160189.000",7501,2353,5148,"10.11.168.10",445,26,11,15,"10.84.42.134"
"1493148488.000",7501,2353,5148,"10.11.168.10",445,26,11,15,"10.84.42.134"
"1493146689.000",7501,2353,5148,"10.11.168.10",445,26,11,15,"10.84.42.134"
"1493136789.000",7565,2417,5148,"10.11.168.10",445,27,12,15,"10.84.42.134"
"1493132288.000",7501,2353,5148,"10.11.168.10",445,26,11,15,"10.84.42.134"
"1493128688.000",7501,2353,5148,"10.11.168.10",445,26,11,15,"10.84.42.134"
"1493169187.000",7565,2417,5148,"10.11.168.10",445,27,12,15,"10.84.42.134"
"1493165911.000",14164,4739,9425,"10.11.168.10",445,52,22,30,"10.84.42.134"
"1493164689.000",7501,2353,5148,"10.11.168.10",445,26,11,15,"10.84.42.134"
"1493162890.000",7565,2353,5212,"10.11.168.10",445,27,11,16,"10.84.42.134"
"1493159851.000",14100,4739,9361,"10.11.168.10",445,51,22,29,"10.84.42.134"
"1493150288.000",7501,2353,5148,"10.11.168.10",445,26,11,15,"10.84.42.134"
"1493134988.000",7501,2353,5148,"10.11.168.10",445,26,11,15,"10.84.42.134"
"1493123070.000",3778170,1101244,2676926,"10.188.60.18",445,10385,4924,5461,"10.84.42.134"
"1493120587.000",7565,2417,5148,"10.11.168.10",445,27,12,15,"10.84.42.134"
"1493115187.000",7565,2417,5148,"10.11.168.10",445,27,12,15,"10.84.42.134"
"1493114655.000",22332,8254,14078,"10.11.168.10",445,66,27,39,"10.84.42.134"
"1493153848.000",22405,9991,12414,"10.11.168.10",445,75,34,41,"10.84.42.134"
"1493143088.000",7881,2663,5218,"10.11.168.10",445,28,12,16,"10.84.42.134"
"1493127787.000",7565,2417,5148,"10.11.168.10",445,27,12,15,"10.84.42.134"
"1493114288.000",7565,2353,5212,"10.11.168.10",445,27,11,16,"10.84.42.134"
"1493109787.000",8073,2679,5394,"10.11.168.9",445,29,12,17,"10.84.42.134"
"1493098087.000",7501,2353,5148,"10.11.168.9",445,26,11,15,"10.84.42.134"
"1493133189.000",7945,2663,5282,"10.11.168.10",445,29,12,17,"10.84.42.134"
"1493121488.000",7501,2353,5148,"10.11.168.10",445,26,11,15,"10.84.42.134"
"1493116987.000",7565,2417,5148,"10.11.168.10",445,27,12,15,"10.84.42.134"
"1493094953.000",10233,2867,7366,"10.11.168.10",445,39,17,22,"10.84.42.134"
"1493094941.000",97223,38904,58319,"10.11.168.9",445,367,180,187,"10.84.42.134"
"1493090887.000",7501,2353,5148,"10.11.168.9",445,26,11,15,"10.84.42.134"
"1493087286.000",7565,2353,5212,"10.11.168.9",445,27,11,16,"10.84.42.134"
"1493067486.000",7565,2417,5148,"10.11.168.9",445,27,12,15,"10.84.42.134"
"1493054574.000",282,142,140,"10.83.29.108",445,5,2,3,"10.83.84.244"
"1493054574.000",1992,1146,846,"10.83.68.215",445,15,6,9,"10.83.84.244"
"1493054574.000",1987,1141,846,"10.83.29.108",445,15,6,9,"10.83.84.244"
"1493054453.000",1992,1146,846,"10.83.68.215",445,15,6,9,"10.83.84.244"
"1493054453.000",282,142,140,"10.83.29.108",445,5,2,3,"10.83.84.244"
"1493054453.000",1987,1141,846,"10.83.29.108",445,15,6,9,"10.83.84.244"
"1493054266.000",1992,1146,846,"10.83.68.215",445,15,6,9,"10.83.84.244"
"1493054265.000",282,142,140,"10.83.29.108",445,5,2,3,"10.83.84.244"
"1493054265.000",1987,1141,846,"10.83.29.108",445,15,6,9,"10.83.84.244"
"1493054265.000",352,212,140,"10.83.68.215",445,6,3,3,"10.83.84.244"
"1493054255.000",82,0,82,"136.98.140.1",445,1,0,1,"10.83.84.244"
"1493054101.000",352,212,140,"10.83.42.91",445,6,3,3,"10.83.84.244"
"1493054101.000",2008,1162,846,"10.83.42.91",445,15,6,9,"10.83.84.244"
"1493054100.000",282,142,140,"10.83.29.108",445,5,2,3,"10.83.84.244"
"1493054100.000",1987,1141,846,"10.83.29.108",445,15,6,9,"10.83.84.244"
"1493053985.000",7501,2353,5148,"10.11.168.9",445,26,11,15,"10.84.42.134"
"1493051742.000",138,78,60,"10.83.29.108",445,3,1,2,"10.83.84.244"
"1493051742.000",138,78,60,"10.83.42.91",445,3,1,2,"10.83.84.244"
"1493045644.000",14292,4867,9425,"10.11.168.9",445,54,24,30,"10.84.42.134"
"1493038684.000",7565,2417,5148,"10.11.168.9",445,27,12,15,"10.84.42.134"
"1493029684.000",7565,2417,5148,"10.11.168.9",445,27,12,15,"10.84.42.134"
"1493028784.000",7501,2353,5148,"10.11.168.9",445,26,11,15,"10.84.42.134"
"1493012583.000",7501,2353,5148,"10.11.168.10",445,26,11,15,"10.84.42.134"
"1493008984.000",7501,2353,5148,"10.11.168.10",445,26,11,15,"10.84.42.134"
"1493006282.000",7501,2353,5148,"10.11.168.10",445,26,11,15,"10.84.42.134"
"1493005382.000",7501,2353,5148,"10.11.168.10",445,26,11,15,"10.84.42.134"
"1493001782.000",7501,2353,5148,"10.11.168.10",445,26,11,15,"10.84.42.134"
"1492979280.000",7501,2353,5148,"10.11.168.10",445,26,11,15,"10.84.42.134"
"1492949579.000",7501,2353,5148,"10.11.168.10",445,26,11,15,"10.84.42.134"
"1492944180.000",7501,2353,5148,"10.11.168.10",445,26,11,15,"10.84.42.134"
"1493073787.000",7501,2353,5148,"10.11.168.9",445,26,11,15,"10.84.42.134"
"1493070731.000",14100,4739,9361,"10.11.168.9",445,51,22,29,"10.84.42.134"
"1493065329.000",14100,4739,9361,"10.11.168.9",445,51,22,29,"10.84.42.134"
"1493060285.000",7565,2417,5148,"10.11.168.9",445,27,12,15,"10.84.42.134"
"1493059385.000",7501,2353,5148,"10.11.168.9",445,26,11,15,"10.84.42.134"
"1493054231.000",352,212,140,"10.83.29.108",445,6,3,3,"10.83.84.244"
"1493054231.000",1987,1141,846,"10.83.29.108",445,15,6,9,"10.83.84.244"
"1493054230.000",352,212,140,"10.83.68.215",445,6,3,3,"10.83.84.244"
"1493054230.000",1992,1146,846,"10.83.68.215",445,15,6,9,"10.83.84.244"
"1493054123.000",82,0,82,"136.98.140.1",445,1,0,1,"10.83.84.244"
"1493051285.000",7565,2417,5148,"10.11.168.9",445,27,12,15,"10.84.42.134"
"1493049062.000",352,212,140,"10.83.29.108",445,6,3,3,"10.83.84.244"
"1493049062.000",282,142,140,"10.83.3.150",445,5,2,3,"10.83.84.244"
"1493049062.000",2008,1162,846,"10.83.3.150",445,15,6,9,"10.83.84.244"
"1493043184.000",7501,2353,5148,"10.11.168.9",445,26,11,15,"10.84.42.134"
"1493022483.000",7501,2353,5148,"10.11.168.10",445,26,11,15,"10.84.42.134"
"1493021583.000",7501,2353,5148,"10.11.168.10",445,26,11,15,"10.84.42.134"
"1493129588.000",7501,2353,5148,"10.11.168.10",445,26,11,15,"10.84.42.134"
"1493120532.000",22460,8382,14078,"10.11.168.10",445,68,29,39,"10.84.42.134"
"1493115860.000",14164,4739,9425,"10.11.168.10",445,52,22,30,"10.84.42.134"
"1493111587.000",7501,2353,5148,"10.11.168.9",445,26,11,15,"10.84.42.134"
"1493105288.000",7501,2353,5148,"10.11.168.9",445,26,11,15,"10.84.42.134"
"1493104387.000",8325,2749,5576,"10.11.168.9",445,31,13,18,"10.84.42.134"
"1493099887.000",7565,2417,5148,"10.11.168.9",445,27,12,15,"10.84.42.134"
"1493096286.000",7501,2353,5148,"10.11.168.9",445,26,11,15,"10.84.42.134"
"1493090294.000",22193,9285,12908,"10.11.168.9",445,77,35,42,"10.84.42.134"
"1493084586.000",7501,2353,5148,"10.11.168.9",445,26,11,15,"10.84.42.134"
"1493062085.000",7565,2417,5148,"10.11.168.9",445,27,12,15,"10.84.42.134"
"1493055698.000",282,142,140,"10.83.29.108",445,5,2,3,"10.83.84.244"
"1493055698.000",1987,1141,846,"10.83.29.108",445,15,6,9,"10.83.84.244"
"1493055697.000",1992,1146,846,"10.83.68.215",445,15,6,9,"10.83.84.244"
"1493055697.000",282,142,140,"10.83.68.215",445,5,2,3,"10.83.84.244"
"1493051713.000",352,212,140,"10.83.42.91",445,6,3,3,"10.83.84.244"
"1493051713.000",2008,1162,846,"10.83.42.91",445,15,6,9,"10.83.84.244"
"1493051712.000",352,212,140,"10.83.29.108",445,6,3,3,"10.83.84.244"
"1493051712.000",1987,1141,846,"10.83.29.108",445,15,6,9,"10.83.84.244"
"1493033285.000",7564,2416,5148,"10.11.168.9",445,27,12,15,"10.84.42.134"
"1493126888.000",7501,2353,5148,"10.11.168.10",445,26,11,15,"10.84.42.134"
"1493123287.000",7501,2353,5148,"10.11.168.10",445,26,11,15,"10.84.42.134"
"1493113388.000",7501,2353,5148,"10.11.168.9",445,26,11,15,"10.84.42.134"
"1493085486.000",7565,2417,5148,"10.11.168.9",445,27,12,15,"10.84.42.134"
"1493071085.000",7765,2547,5218,"10.11.168.9",445,29,13,16,"10.84.42.134"
"1493063885.000",7565,2417,5148,"10.11.168.9",445,27,12,15,"10.84.42.134"
"1493061185.000",7501,2353,5148,"10.11.168.9",445,26,11,15,"10.84.42.134"
"1493058485.000",7565,2417,5148,"10.11.168.9",445,27,12,15,"10.84.42.134"
"1493107813.000",22332,8254,14078,"10.11.168.9",445,66,27,39,"10.84.42.134"
"1493100852.000",22332,8254,14078,"10.11.168.9",445,66,27,39,"10.84.42.134"
"1493093586.000",8073,2679,5394,"10.11.168.9",445,29,12,17,"10.84.42.134"
"1493088186.000",7501,2353,5148,"10.11.168.9",445,26,11,15,"10.84.42.134"
"1493083332.000",14228,4803,9425,"10.11.168.9",445,53,23,30,"10.84.42.134"
"1493081886.000",7565,2417,5148,"10.11.168.9",445,27,12,15,"10.84.42.134"
"1493075586.000",7501,2353,5148,"10.11.168.9",445,26,11,15,"10.84.42.134"
"1493070186.000",7501,2353,5148,"10.11.168.9",445,26,11,15,"10.84.42.134"
"1493064786.000",7565,2353,5212,"10.11.168.9",445,27,11,16,"10.84.42.134"
"1493054885.000",7565,2417,5148,"10.11.168.9",445,27,12,15,"10.84.42.134"
"1493053086.000",7501,2353,5148,"10.11.168.9",445,26,11,15,"10.84.42.134"
"1493049441.000",1987,1141,846,"10.83.29.108",445,15,6,9,"10.83.84.244"
"1493049441.000",2008,1162,846,"10.83.42.91",445,15,6,9,"10.83.84.244"
"1493049441.000",352,212,140,"10.83.29.108",445,6,3,3,"10.83.84.244"
"1493049441.000",282,142,140,"10.83.42.91",445,5,2,3,"10.83.84.244"
"1493049441.000",2008,1162,846,"10.83.3.150",445,15,6,9,"10.83.84.244"
"1493049441.000",282,142,140,"10.83.3.150",445,5,2,3,"10.83.84.244"
"1493049359.000",1987,1141,846,"10.83.29.108",445,15,6,9,"10.83.84.244"
"1493049359.000",352,212,140,"10.83.29.108",445,6,3,3,"10.83.84.244"
"1493049280.000",352,212,140,"10.83.3.150",445,6,3,3,"10.83.84.244"
"1493049279.000",1987,1141,846,"10.83.29.108",445,15,6,9,"10.83.84.244"
"1493049279.000",282,142,140,"10.83.29.108",445,5,2,3,"10.83.84.244"
"1493049279.000",282,142,140,"10.83.42.91",445,5,2,3,"10.83.84.244"
"1493049279.000",2008,1162,846,"10.83.3.150",445,15,6,9,"10.83.84.244"
"1493047684.000",7565,2417,5148,"10.11.168.9",445,27,12,15,"10.84.42.134"
"1493045884.000",7501,2353,5148,"10.11.168.9",445,26,11,15,"10.84.42.134"
"1493077391.000",20292,6346,13946,"10.11.168.9",445,71,31,40,"10.84.42.134"
"1493071986.000",7501,2353,5148,"10.11.168.9",445,26,11,15,"10.84.42.134"
"1493054301.000",1992,1146,846,"10.83.68.215",445,15,6,9,"10.83.84.244"
"1493054301.000",1987,1141,846,"10.83.29.108",445,15,6,9,"10.83.84.244"
"1493054301.000",352,212,140,"10.83.29.108",445,6,3,3,"10.83.84.244"
"1493054301.000",282,142,140,"10.83.68.215",445,5,2,3,"10.83.84.244"
"1493054133.000",282,142,140,"10.83.29.108",445,5,2,3,"10.83.84.244"
"1493054133.000",1987,1141,846,"10.83.29.108",445,15,6,9,"10.83.84.244"
"1493054133.000",282,142,140,"10.83.68.215",445,5,2,3,"10.83.84.244"
"1493054133.000",1992,1146,846,"10.83.68.215",445,15,6,9,"10.83.84.244"
"1493048585.000",7501,2353,5148,"10.11.168.9",445,26,11,15,"10.84.42.134"
"1493046691.000",352,212,140,"10.83.29.108",445,6,3,3,"10.83.84.244"
"1493046691.000",282,142,140,"10.83.42.91",445,5,2,3,"10.83.84.244"
"1493046691.000",2008,1162,846,"10.83.42.91",445,15,6,9,"10.83.84.244"
"1493046691.000",282,142,140,"10.83.3.150",445,5,2,3,"10.83.84.244"
"1493046691.000",1987,1141,846,"10.83.29.108",445,15,6,9,"10.83.84.244"
"1493046691.000",2008,1162,846,"10.83.3.150",445,15,6,9,"10.83.84.244"
"1493044084.000",7501,2353,5148,"10.11.168.9",445,26,11,15,"10.84.42.134"
"1493041385.000",7501,2353,5148,"10.11.168.9",445,26,11,15,"10.84.42.134"
"1493036884.000",7565,2417,5148,"10.11.168.9",445,27,12,15,"10.84.42.134"
"1493035984.000",7501,2353,5148,"10.11.168.9",445,26,11,15,"10.84.42.134"
"1493035642.000",22317,8254,14063,"10.11.168.9",445,67,27,40,"10.84.42.134"
"1493008083.000",7565,2417,5148,"10.11.168.10",445,27,12,15,"10.84.42.134"
"1492999981.000",7501,2353,5148,"10.11.168.10",445,26,11,15,"10.84.42.134"
"1492996432.000",14228,4803,9425,"10.11.168.10",445,53,23,30,"10.84.42.134"
"1492991881.000",7501,2353,5148,"10.11.168.10",445,26,11,15,"10.84.42.134"
"1492990981.000",7501,2353,5148,"10.11.168.10",445,26,11,15,"10.84.42.134"
"1492989181.000",7501,2353,5148,"10.11.168.10",445,26,11,15,"10.84.42.134"
"1493080087.000",7565,2417,5148,"10.11.168.9",445,27,12,15,"10.84.42.134"
"1493078287.000",7565,2417,5148,"10.11.168.9",445,27,12,15,"10.84.42.134"
"1493074686.000",7501,2353,5148,"10.11.168.9",445,26,11,15,"10.84.42.134"
"1493072886.000",7501,2353,5148,"10.11.168.9",445,26,11,15,"10.84.42.134"
"1493057585.000",7501,2353,5148,"10.11.168.9",445,26,11,15,"10.84.42.134"
"1493056626.000",138,78,60,"10.83.29.108",445,3,1,2,"10.83.84.244"
"1493054338.000",1987,1141,846,"10.83.29.108",445,15,6,9,"10.83.84.244"
"1493054338.000",352,212,140,"10.83.68.215",445,6,3,3,"10.83.84.244"
"1493054338.000",282,142,140,"10.83.29.108",445,5,2,3,"10.83.84.244"
"1493054338.000",1992,1146,846,"10.83.68.215",445,15,6,9,"10.83.84.244"
"1493050385.000",7501,2353,5148,"10.11.168.9",445,26,11,15,"10.84.42.134"
"1493049166.000",352,212,140,"10.83.29.108",445,6,3,3,"10.83.84.244"
"1493049166.000",282,142,140,"10.83.42.91",445,5,2,3,"10.83.84.244"
"1493049166.000",2008,1162,846,"10.83.42.91",445,15,6,9,"10.83.84.244"
"1493049166.000",1987,1141,846,"10.83.29.108",445,15,6,9,"10.83.84.244"
"1493049166.000",282,142,140,"10.83.3.150",445,5,2,3,"10.83.84.244"
"1493049166.000",2008,1162,846,"10.83.3.150",445,15,6,9,"10.83.84.244"
"1493046785.000",7501,2353,5148,"10.11.168.9",445,26,11,15,"10.84.42.134"
"1493039584.000",7501,2353,5148,"10.11.168.9",445,26,11,15,"10.84.42.134"
"1493037784.000",7501,2353,5148,"10.11.168.9",445,26,11,15,"10.84.42.134"
"1493035085.000",7565,2417,5148,"10.11.168.9",445,27,12,15,"10.84.42.134"
"1493032384.000",7501,2353,5148,"10.11.168.9",445,26,11,15,"10.84.42.134"
"1493026799.000",21765,9357,12408,"10.11.168.10",445,75,34,41,"10.84.42.134"
"1493023383.000",7501,2353,5148,"10.11.168.10",445,26,11,15,"10.84.42.134"
"1493017936.000",23814,9375,14439,"10.11.168.10",445,75,33,42,"10.84.42.134"
"1493011694.000",31565,11826,19739,"10.11.168.10",445,92,40,52,"10.84.42.134"
"1493002681.000",7501,2353,5148,"10.11.168.10",445,26,11,15,"10.84.42.134"
"1492982881.000",7501,2353,5148,"10.11.168.10",445,26,11,15,"10.84.42.134"
"1492981981.000",7501,2353,5148,"10.11.168.10",445,26,11,15,"10.84.42.134"
"1493069285.000",7954,2736,5218,"10.11.168.9",445,29,13,16,"10.84.42.134"
"1493054365.000",82,0,82,"136.98.140.1",445,1,0,1,"10.83.84.244"
"1493054291.000",82,0,82,"136.98.140.1",445,1,0,1,"10.83.84.244"
"1493049606.000",352,212,140,"10.83.42.91",445,6,3,3,"10.83.84.244"
"1493049606.000",2008,1162,846,"10.83.42.91",445,15,6,9,"10.83.84.244"
"1493049356.000",138,78,60,"10.83.42.91",445,3,1,2,"10.83.84.244"
"1493032563.000",14228,4803,9425,"10.11.168.9",445,53,23,30,"10.84.42.134"
"1493025184.000",7501,2353,5148,"10.11.168.10",445,26,11,15,"10.84.42.134"
"1493024284.000",7501,2353,5148,"10.11.168.10",445,26,11,15,"10.84.42.134"
"1493009883.000",7565,2417,5148,"10.11.168.10",445,27,12,15,"10.84.42.134"
"1492990730.000",14399,4904,9495,"10.11.168.10",445,54,23,31,"10.84.42.134"
"1493056686.000",7501,2353,5148,"10.11.168.9",445,26,11,15,"10.84.42.134"
"1493055785.000",7501,2353,5148,"10.11.168.9",445,26,11,15,"10.84.42.134"
"1493055056.000",2008,1162,846,"10.83.42.91",445,15,6,9,"10.83.84.244"
"1493055056.000",1987,1141,846,"10.83.29.108",445,15,6,9,"10.83.84.244"
"1493054735.000",1987,1141,846,"10.83.29.108",445,15,6,9,"10.83.84.244"
"1493054735.000",282,142,140,"10.83.42.91",445,5,2,3,"10.83.84.244"
"1493054735.000",282,142,140,"10.83.29.108",445,5,2,3,"10.83.84.244"
"1493054735.000",1992,1146,846,"10.83.68.215",445,15,6,9,"10.83.84.244"
"1493054735.000",352,212,140,"10.83.68.215",445,6,3,3,"10.83.84.244"
"1493054569.000",138,78,60,"10.83.42.91",445,3,1,2,"10.83.84.244"
"1493054564.000",82,0,82,"136.98.140.1",445,1,0,1,"10.83.84.244"
"1493051946.000",14228,4803,9425,"10.11.168.9",445,53,23,30,"10.84.42.134"
"1493051780.000",282,142,140,"10.83.42.91",445,5,2,3,"10.83.84.244"
"1493051780.000",282,142,140,"10.83.29.108",445,5,2,3,"10.83.84.244"
"1493049926.000",2008,1162,846,"10.83.42.91",445,15,6,9,"10.83.84.244"
"1493049926.000",352,212,140,"10.83.29.108",445,6,3,3,"10.83.84.244"
"1493049926.000",282,142,140,"10.83.42.91",445,5,2,3,"10.83.84.244"
"1493049485.000",7565,2417,5148,"10.11.168.9",445,27,12,15,"10.84.42.134"
"1493049202.000",1987,1141,846,"10.83.29.108",445,15,6,9,"10.83.84.244"
"1493049202.000",2008,1162,846,"10.83.3.150",445,15,6,9,"10.83.84.244"
"1493049202.000",282,142,140,"10.83.3.150",445,5,2,3,"10.83.84.244"
"1493049202.000",282,142,140,"10.83.29.108",445,5,2,3,"10.83.84.244"
"1493049202.000",282,142,140,"10.83.42.91",445,5,2,3,"10.83.84.244"
"1493049057.000",138,78,60,"10.83.42.91",445,3,1,2,"10.83.84.244"
"1493049029.000",1987,1141,846,"10.83.29.108",445,15,6,9,"10.83.84.244"
"1493049029.000",2008,1162,846,"10.83.3.150",445,15,6,9,"10.83.84.244"
"1493049029.000",2008,1162,846,"10.83.42.91",445,15,6,9,"10.83.84.244"
"1493049029.000",282,142,140,"10.83.3.150",445,5,2,3,"10.83.84.244"
"1493049029.000",352,212,140,"10.83.42.91",445,6,3,3,"10.83.84.244"
"1493049028.000",352,212,140,"10.83.29.108",445,6,3,3,"10.83.84.244"
"1493041224.000",22317,8318,13999,"10.11.168.9",445,67,28,39,"10.84.42.134"
"1493017984.000",7501,2353,5148,"10.11.168.10",445,26,11,15,"10.84.42.134"
"1493011642.000",97414,39218,58196,"10.11.168.10",445,368,182,186,"10.84.42.134"
"1493008254.000",14228,4739,9489,"10.11.168.10",445,53,22,31,"10.84.42.134"
"1493004481.000",7501,2353,5148,"10.11.168.10",445,26,11,15,"10.84.42.134"
"1493003581.000",7501,2353,5148,"10.11.168.10",445,26,11,15,"10.84.42.134"
"1492996381.000",7501,2353,5148,"10.11.168.10",445,26,11,15,"10.84.42.134"
"1492985581.000",7501,2353,5148,"10.11.168.10",445,26,11,15,"10.84.42.134"
"1492983780.000",7501,2353,5148,"10.11.168.10",445,26,11,15,"10.84.42.134"
"1492978307.000",14864,5129,9735,"10.11.168.10",445,57,24,33,"10.84.42.134"
"1492971180.000",7501,2353,5148,"10.11.168.10",445,26,11,15,"10.84.42.134"
"1493034184.000",7501,2353,5148,"10.11.168.9",445,26,11,15,"10.84.42.134"
"1493027884.000",7501,2353,5148,"10.11.168.9",445,26,11,15,"10.84.42.134"
"1493026083.000",7501,2353,5148,"10.11.168.10",445,26,11,15,"10.84.42.134"
"1493019783.000",7501,2353,5148,"10.11.168.10",445,26,11,15,"10.84.42.134"
"1493011703.000",5119044605,5108718182,10326423,"10.188.60.18",445,3509778,3367446,142332,"10.84.42.134"
"1493010783.000",7565,2417,5148,"10.11.168.10",445,27,12,15,"10.84.42.134"
"1493000881.000",7565,2417,5148,"10.11.168.10",445,27,12,15,"10.84.42.134"
"1492999081.000",7501,2353,5148,"10.11.168.10",445,26,11,15,"10.84.42.134"
"1492998181.000",7501,2353,5148,"10.11.168.10",445,26,11,15,"10.84.42.134"
"1492981080.000",7501,2353,5148,"10.11.168.10",445,26,11,15,"10.84.42.134"
"1492975680.000",7565,2417,5148,"10.11.168.10",445,27,12,15,"10.84.42.134"
"1492970280.000",7501,2353,5148,"10.11.168.10",445,26,11,15,"10.84.42.134"
"1492966681.000",7501,2353,5148,"10.11.168.10",445,26,11,15,"10.84.42.134"
"1492961280.000",7501,2353,5148,"10.11.168.10",445,26,11,15,"10.84.42.134"
"1492958579.000",7501,2353,5148,"10.11.168.10",445,26,11,15,"10.84.42.134"
"1492955879.000",7501,2353,5148,"10.11.168.10",445,26,11,15,"10.84.42.134"
"1492946880.000",7501,2353,5148,"10.11.168.10",445,26,11,15,"10.84.42.134"
"1493024658.000",22529,8524,14005,"10.11.168.10",445,68,29,39,"10.84.42.134"
"1493017083.000",7501,2353,5148,"10.11.168.10",445,26,11,15,"10.84.42.134"
"1493016184.000",7565,2417,5148,"10.11.168.10",445,27,12,15,"10.84.42.134"
"1492993681.000",7565,2417,5148,"10.11.168.10",445,27,12,15,"10.84.42.134"
"1492965780.000",7501,2353,5148,"10.11.168.10",445,26,11,15,"10.84.42.134"
"1492959342.000",14164,4739,9425,"10.11.168.10",445,52,22,30,"10.84.42.134"
"1492950480.000",7501,2353,5148,"10.11.168.10",445,26,11,15,"10.84.42.134"
"1492929778.000",7501,2353,5148,"10.11.168.9",445,26,11,15,"10.84.42.134"
"1492985329.000",14100,4739,9361,"10.11.168.10",445,51,22,29,"10.84.42.134"
"1492984681.000",7501,2353,5148,"10.11.168.10",445,26,11,15,"10.84.42.134"
"1492976581.000",7501,2353,5148,"10.11.168.10",445,26,11,15,"10.84.42.134"
"1492972980.000",7501,2353,5148,"10.11.168.10",445,26,11,15,"10.84.42.134"
"1492968480.000",7565,2417,5148,"10.11.168.10",445,27,12,15,"10.84.42.134"
"1492954079.000",7565,2417,5148,"10.11.168.10",445,27,12,15,"10.84.42.134"
"1492945779.000",14228,4803,9425,"10.11.168.10",445,53,23,30,"10.84.42.134"
"1492945768.000",5861,3157,2704,"10.11.168.10",445,27,12,15,"10.84.42.134"
"1492928879.000",7501,2353,5148,"10.11.168.9",445,26,11,15,"10.84.42.134"
"1492978380.000",7501,2353,5148,"10.11.168.10",445,26,11,15,"10.84.42.134"
"1492965524.000",21553,9151,12402,"10.11.168.10",445,74,33,41,"10.84.42.134"
"1492951379.000",7501,2353,5148,"10.11.168.10",445,26,11,15,"10.84.42.134"
"1492947780.000",7501,2353,5148,"10.11.168.10",445,26,11,15,"10.84.42.134"
"1492945980.000",7501,2353,5148,"10.11.168.10",445,26,11,15,"10.84.42.134"
"1492980181.000",7501,2353,5148,"10.11.168.10",445,26,11,15,"10.84.42.134"
"1492969380.000",7501,2353,5148,"10.11.168.10",445,26,11,15,"10.84.42.134"
"1492952441.000",14164,4739,9425,"10.11.168.10",445,52,22,30,"10.84.42.134"
"1492948680.000",7501,2353,5148,"10.11.168.10",445,26,11,15,"10.84.42.134"
"1492940580.000",7881,2663,5218,"10.11.168.10",445,28,12,16,"10.84.42.134"
"1492935178.000",7501,2353,5148,"10.11.168.9",445,26,11,15,"10.84.42.134"
"1492974781.000",7881,2663,5218,"10.11.168.10",445,28,12,16,"10.84.42.134"
"1492963081.000",7501,2353,5148,"10.11.168.10",445,26,11,15,"10.84.42.134"
"1492960379.000",7501,2353,5148,"10.11.168.10",445,26,11,15,"10.84.42.134"
"1492952279.000",7501,2353,5148,"10.11.168.10",445,26,11,15,"10.84.42.134"
"1492941480.000",7501,2353,5148,"10.11.168.10",445,26,11,15,"10.84.42.134"
"1492940318.000",14100,4739,9361,"10.11.168.10",445,51,22,29,"10.84.42.134"
"1492927978.000",7881,2663,5218,"10.11.168.9",445,28,12,16,"10.84.42.134"
"1492925278.000",7565,2417,5148,"10.11.168.9",445,27,12,15,"10.84.42.134"
"1492921678.000",7565,2417,5148,"10.11.168.9",445,27,12,15,"10.84.42.134"
"1492959480.000",7501,2353,5148,"10.11.168.10",445,26,11,15,"10.84.42.134"
"1492937879.000",7501,2353,5148,"10.11.168.9",445,26,11,15,"10.84.42.134"
"1492933378.000",7501,2353,5148,"10.11.168.9",445,26,11,15,"10.84.42.134"
"1492926179.000",7501,2353,5148,"10.11.168.9",445,26,11,15,"10.84.42.134"
"1492943279.000",7501,2353,5148,"10.11.168.10",445,26,11,15,"10.84.42.134"
"1492938779.000",7501,2353,5148,"10.11.168.10",445,26,11,15,"10.84.42.134"
"1492936079.000",7565,2417,5148,"10.11.168.9",445,27,12,15,"10.84.42.134"
"1492934278.000",7501,2353,5148,"10.11.168.9",445,26,11,15,"10.84.42.134"
"1492932478.000",7565,2417,5148,"10.11.168.9",445,27,12,15,"10.84.42.134"
"1492927078.000",7501,2353,5148,"10.11.168.9",445,26,11,15,"10.84.42.134"
"1492924378.000",7501,2353,5148,"10.11.168.9",445,26,11,15,"10.84.42.134"
"1492923478.000",7501,2353,5148,"10.11.168.9",445,26,11,15,"10.84.42.134"
"1494402269.000",7565,2417,5148,"10.11.168.10",445,27,12,15,"10.84.42.134"
"1494394169.000",7565,2417,5148,"10.11.168.10",445,27,12,15,"10.84.42.134"
"1494376168.000",7565,2417,5148,"10.11.168.10",445,27,12,15,"10.84.42.134"
"1494374368.000",7501,2353,5148,"10.11.168.10",445,26,11,15,"10.84.42.134"
"1494365367.000",7565,2417,5148,"10.11.168.10",445,27,12,15,"10.84.42.134"
"1494355467.000",7501,2353,5148,"10.11.168.10",445,26,11,15,"10.84.42.134"
"1494350124.000",2000,1154,846,"10.83.204.138",445,15,6,9,"10.83.84.244"
"1494350124.000",282,142,140,"10.83.204.138",445,5,2,3,"10.83.84.244"
"1494350119.000",138,78,60,"10.83.3.206",445,3,1,2,"10.83.84.244"
"1494349896.000",138,78,60,"10.83.3.206",445,3,1,2,"10.83.84.244"
"1494349896.000",138,78,60,"10.83.204.138",445,3,1,2,"10.83.84.244"
"1494335666.000",7564,2416,5148,"10.11.168.10",445,27,12,15,"10.84.42.134"
"1494321099.000",21553,9151,12402,"10.11.168.10",445,74,33,41,"10.84.42.134"
"1494313165.000",7501,2353,5148,"10.11.168.10",445,26,11,15,"10.84.42.134"
"1494296964.000",7565,2417,5148,"10.11.168.10",445,27,12,15,"10.84.42.134"
"1494291564.000",7565,2417,5148,"10.11.168.10",445,27,12,15,"10.84.42.134"
"1494286163.000",7565,2417,5148,"10.11.168.10",445,27,12,15,"10.84.42.134"
"1494283411.000",14100,4739,9361,"10.11.168.10",445,51,22,29,"10.84.42.134"
"1494278963.000",7565,2417,5148,"10.11.168.10",445,27,12,15,"10.84.42.134"
"1494273563.000",7501,2353,5148,"10.11.168.10",445,26,11,15,"10.84.42.134"
"1494265131.000",2000,1154,846,"10.83.68.49",445,15,6,9,"10.83.84.244"
"1494265131.000",352,212,140,"10.83.185.3",445,6,3,3,"10.83.84.244"
"1494265131.000",352,212,140,"10.83.68.49",445,6,3,3,"10.83.84.244"
"1494265131.000",2008,1162,846,"10.83.185.3",445,15,6,9,"10.83.84.244"
"1494263929.000",352,212,140,"10.83.68.49",445,6,3,3,"10.83.84.244"
"1494263848.000",352,212,140,"10.83.68.49",445,6,3,3,"10.83.84.244"
"1494263848.000",2000,1154,846,"10.83.68.49",445,15,6,9,"10.83.84.244"
"1494260962.000",7565,2417,5148,"10.11.168.10",445,27,12,15,"10.84.42.134"
"1494260576.000",2008,1162,846,"10.83.185.3",445,15,6,9,"10.83.84.244"
"1494260576.000",2000,1154,846,"10.83.68.49",445,15,6,9,"10.83.84.244"
"1494260576.000",352,212,140,"10.83.68.49",445,6,3,3,"10.83.84.244"
"1494260576.000",352,212,140,"10.83.185.3",445,6,3,3,"10.83.84.244"
"1494256462.000",7501,2353,5148,"10.11.168.10",445,26,11,15,"10.84.42.134"
"1494256351.000",2000,1154,846,"10.83.68.49",445,15,6,9,"10.83.84.244"
"1494256351.000",2008,1162,846,"10.83.185.3",445,15,6,9,"10.83.84.244"
"1494256351.000",352,212,140,"10.83.68.49",445,6,3,3,"10.83.84.244"
"1494256351.000",352,212,140,"10.83.185.3",445,6,3,3,"10.83.84.244"
"1494255707.000",282,142,140,"10.83.185.3",445,5,2,3,"10.83.84.244"
"1494255707.000",2008,1162,846,"10.83.185.3",445,15,6,9,"10.83.84.244"
"1494255562.000",7565,2417,5148,"10.11.168.10",445,27,12,15,"10.84.42.134"
"1494255336.000",352,212,140,"10.83.68.49",445,6,3,3,"10.83.84.244"
"1494255336.000",2008,1162,846,"10.83.185.3",445,15,6,9,"10.83.84.244"
"1494255336.000",2000,1154,846,"10.83.68.49",445,15,6,9,"10.83.84.244"
"1494252504.000",14164,4739,9425,"10.11.168.10",445,52,22,30,"10.84.42.134"
"1494248361.000",7565,2417,5148,"10.11.168.10",445,27,12,15,"10.84.42.134"
"1494244761.000",7501,2353,5148,"10.11.168.10",445,26,11,15,"10.84.42.134"
"1494242061.000",7501,2353,5148,"10.11.168.10",445,26,11,15,"10.84.42.134"
"1494237561.000",7629,2417,5212,"10.11.168.10",445,28,12,16,"10.84.42.134"
"1494233061.000",7501,2353,5148,"10.11.168.10",445,26,11,15,"10.84.42.134"
"1494232281.000",25936,10489,15447,"10.11.168.10",445,77,33,44,"10.84.42.134"
"1494232253.000",97167,38710,58457,"10.11.168.10",445,367,178,189,"10.84.42.134"
"1494225860.000",7501,2353,5148,"10.11.168.10",445,26,11,15,"10.84.42.134"
"1494214160.000",7565,2417,5148,"10.11.168.10",445,27,12,15,"10.84.42.134"
"1494203359.000",7565,2417,5148,"10.11.168.10",445,27,12,15,"10.84.42.134"
"1494196159.000",7565,2417,5148,"10.11.168.10",445,27,12,15,"10.84.42.134"
"1494191051.000",16056,4943,11113,"10.11.168.10",445,57,25,32,"10.84.42.134"
"1494184458.000",8073,2679,5394,"10.11.168.10",445,29,12,17,"10.84.42.134"
"1494173107.000",14228,4803,9425,"10.11.168.10",445,53,23,30,"10.84.42.134"
"1494170058.000",7881,2663,5218,"10.11.168.10",445,28,12,16,"10.84.42.134"
"1494166746.000",14100,4739,9361,"10.11.168.10",445,51,22,29,"10.84.42.134"
"1494165557.000",7565,2417,5148,"10.11.168.10",445,27,12,15,"10.84.42.134"
"1494156557.000",7565,2417,5148,"10.11.168.10",445,27,12,15,"10.84.42.134"
"1494155657.000",7565,2353,5212,"10.11.168.10",445,27,11,16,"10.84.42.134"
"1494139456.000",7501,2353,5148,"10.11.168.10",445,26,11,15,"10.84.42.134"
"1494136979.000",21553,9151,12402,"10.11.168.10",445,74,33,41,"10.84.42.134"
"1494135856.000",7501,2353,5148,"10.11.168.10",445,26,11,15,"10.84.42.134"
"1494134956.000",7501,2353,5148,"10.11.168.10",445,26,11,15,"10.84.42.134"
"1494132255.000",7501,2353,5148,"10.11.168.10",445,26,11,15,"10.84.42.134"
"1494121455.000",7501,2353,5148,"10.11.168.10",445,26,11,15,"10.84.42.134"
"1494118755.000",7501,2353,5148,"10.11.168.10",445,26,11,15,"10.84.42.134"
"1494115155.000",7565,2417,5148,"10.11.168.10",445,27,12,15,"10.84.42.134"
"1494107054.000",7501,2353,5148,"10.11.168.10",445,26,11,15,"10.84.42.134"
"1494103454.000",7501,2353,5148,"10.11.168.10",445,26,11,15,"10.84.42.134"
"1494101654.000",7501,2353,5148,"10.11.168.10",445,26,11,15,"10.84.42.134"
"1494098954.000",7565,2417,5148,"10.11.168.10",445,27,12,15,"10.84.42.134"
"1494092653.000",7501,2353,5148,"10.11.168.10",445,26,11,15,"10.84.42.134"
"1494089953.000",7565,2417,5148,"10.11.168.10",445,27,12,15,"10.84.42.134"
"1494078252.000",7881,2663,5218,"10.11.168.10",445,28,12,16,"10.84.42.134"
"1494077352.000",7501,2353,5148,"10.11.168.10",445,26,11,15,"10.84.42.134"
"1494075552.000",7565,2417,5148,"10.11.168.10",445,27,12,15,"10.84.42.134"
"1494073753.000",7565,2417,5148,"10.11.168.10",445,27,12,15,"10.84.42.134"
"1494071564.000",14100,4739,9361,"10.11.168.10",445,51,22,29,"10.84.42.134"
"1494070152.000",7565,2417,5148,"10.11.168.10",445,27,12,15,"10.84.42.134"
"1494060251.000",7501,2353,5148,"10.11.168.10",445,26,11,15,"10.84.42.134"
"1494054341.000",14100,4739,9361,"10.11.168.10",445,51,22,29,"10.84.42.134"
"1494044951.000",7501,2353,5148,"10.11.168.10",445,26,11,15,"10.84.42.134"
"1494044051.000",7501,2353,5148,"10.11.168.10",445,26,11,15,"10.84.42.134"
"1494037750.000",7501,2353,5148,"10.11.168.10",445,26,11,15,"10.84.42.134"
"1494035950.000",7565,2417,5148,"10.11.168.10",445,27,12,15,"10.84.42.134"
"1494035050.000",7501,2353,5148,"10.11.168.10",445,26,11,15,"10.84.42.134"
"1494030216.000",14100,4739,9361,"10.11.168.10",445,51,22,29,"10.84.42.134"
"1494026050.000",7501,2353,5148,"10.11.168.10",445,26,11,15,"10.84.42.134"
"1494018850.000",7501,2353,5148,"10.11.168.9",445,26,11,15,"10.84.42.134"
"1494016150.000",7565,2417,5148,"10.11.168.9",445,27,12,15,"10.84.42.134"
"1494015250.000",7501,2353,5148,"10.11.168.9",445,26,11,15,"10.84.42.134"
"1494012549.000",7565,2417,5148,"10.11.168.9",445,27,12,15,"10.84.42.134"
"1494005670.000",14687,5244,9443,"10.11.168.9",445,55,25,30,"10.84.42.134"
"1494003549.000",7565,2417,5148,"10.11.168.9",445,27,12,15,"10.84.42.134"
"1494000849.000",7501,2353,5148,"10.11.168.9",445,26,11,15,"10.84.42.134"
"1493991598.000",62,0,62,"10.77.180.102",445,1,0,1,"10.84.42.231"
"1493991432.000",62,0,62,"10.77.180.102",445,1,0,1,"10.84.42.231"
"1493991174.000",62,0,62,"10.77.180.102",445,1,0,1,"10.84.42.231"
"1493991168.000",132,0,132,"10.77.180.102",445,2,0,2,"10.84.42.231"
"1493990949.000",7501,2353,5148,"10.11.168.9",445,26,11,15,"10.84.42.134"
"1493988249.000",7565,2417,5148,"10.11.168.9",445,27,12,15,"10.84.42.134"
"1493986448.000",7501,2353,5148,"10.11.168.9",445,26,11,15,"10.84.42.134"
"1493984648.000",7501,2353,5148,"10.11.168.9",445,26,11,15,"10.84.42.134"
"1493980148.000",7501,2353,5148,"10.11.168.10",445,26,11,15,"10.84.42.134"
"1493979248.000",7779,2423,5356,"10.11.168.10",445,28,12,16,"10.84.42.134"
"1493963947.000",7565,2417,5148,"10.11.168.10",445,27,12,15,"10.84.42.134"
"1493962148.000",7565,2417,5148,"10.11.168.10",445,27,12,15,"10.84.42.134"
"1493958018.000",5137966698,5126507573,11459125,"10.188.60.18",445,3539014,3379104,159910,"10.84.42.134"
"1493952247.000",7565,2417,5148,"10.11.168.10",445,27,12,15,"10.84.42.134"
"1493950698.000",14228,4803,9425,"10.11.168.10",445,53,23,30,"10.84.42.134"
"1493949548.000",7565,2417,5148,"10.11.168.10",445,27,12,15,"10.84.42.134"
"1493948647.000",7501,2353,5148,"10.11.168.10",445,26,11,15,"10.84.42.134"
"1493944147.000",7565,2417,5148,"10.11.168.10",445,27,12,15,"10.84.42.134"
"1493941447.000",7779,2423,5356,"10.11.168.10",445,28,12,16,"10.84.42.134"
"1493936955.000",20016,6076,13940,"10.11.168.10",445,69,29,40,"10.84.42.134"
"1493912645.000",7501,2353,5148,"10.11.168.10",445,26,11,15,"10.84.42.134"
"1493907245.000",7501,2353,5148,"10.11.168.10",445,26,11,15,"10.84.42.134"
"1493900945.000",7565,2417,5148,"10.11.168.10",445,27,12,15,"10.84.42.134"
"1493887444.000",7501,2353,5148,"10.11.168.10",445,26,11,15,"10.84.42.134"
"1493885644.000",7501,2353,5148,"10.11.168.10",445,26,11,15,"10.84.42.134"
"1493884744.000",7501,2353,5148,"10.11.168.10",445,26,11,15,"10.84.42.134"
"1493881144.000",7565,2417,5148,"10.11.168.10",445,27,12,15,"10.84.42.134"
"1493878443.000",7501,2353,5148,"10.11.168.10",445,26,11,15,"10.84.42.134"
"1493871243.000",7501,2353,5148,"10.11.168.10",445,26,11,15,"10.84.42.134"
"1493844242.000",7501,2353,5148,"10.11.168.10",445,26,11,15,"10.84.42.134"
"1493844175.000",14164,4739,9425,"10.11.168.10",445,52,22,30,"10.84.42.134"
"1493843342.000",7565,2417,5148,"10.11.168.10",445,27,12,15,"10.84.42.134"
"1493842442.000",7501,2353,5148,"10.11.168.10",445,26,11,15,"10.84.42.134"
"1493836141.000",7501,2353,5148,"10.11.168.10",445,26,11,15,"10.84.42.134"
"1493835241.000",7501,2353,5148,"10.11.168.10",445,26,11,15,"10.84.42.134"
"1493834341.000",7501,2353,5148,"10.11.168.10",445,26,11,15,"10.84.42.134"
"1493822640.000",7501,2353,5148,"10.11.168.10",445,26,11,15,"10.84.42.134"
"1493822442.000",3766201,1115155,2651046,"10.188.60.18",445,10457,4964,5493,"10.84.42.134"
"1493820941.000",22608,8524,14084,"10.11.168.10",445,68,29,39,"10.84.42.134"
"1493820840.000",7501,2353,5148,"10.11.168.10",445,26,11,15,"10.84.42.134"
"1493819040.000",7565,2417,5148,"10.11.168.10",445,27,12,15,"10.84.42.134"
"1493783017.000",7501,2353,5148,"10.11.168.9",445,26,11,15,"10.84.42.134"
"1493778516.000",7565,2417,5148,"10.11.168.9",445,27,12,15,"10.84.42.134"
"1493774916.000",7501,2353,5148,"10.11.168.9",445,26,11,15,"10.84.42.134"
"1493772216.000",7501,2353,5148,"10.11.168.9",445,26,11,15,"10.84.42.134"
"1493769517.000",7501,2353,5148,"10.11.168.9",445,26,11,15,"10.84.42.134"
"1493768616.000",7501,2353,5148,"10.11.168.9",445,26,11,15,"10.84.42.134"
"1493765917.000",7565,2417,5148,"10.11.168.9",445,27,12,15,"10.84.42.134"
"1493752910.000",14376,4945,9431,"10.11.168.10",445,53,23,30,"10.84.42.134"
"1493747839.000",82,0,82,"136.98.140.1",445,1,0,1,"10.83.84.244"
"1493747032.000",20681,6729,13952,"10.11.168.10",445,73,33,40,"10.84.42.134"
"1493746982.000",1992,1146,846,"10.83.68.215",445,15,6,9,"10.83.84.244"
"1493746982.000",352,212,140,"10.83.29.103",445,6,3,3,"10.83.84.244"
"1493727236.000",96690,38657,58033,"10.11.168.10",445,362,177,185,"10.84.42.134"
"1493726315.000",7501,2353,5148,"10.11.168.10",445,26,11,15,"10.84.42.134"
"1493720914.000",7501,2353,5148,"10.11.168.10",445,26,11,15,"10.84.42.134"
"1493693013.000",7565,2353,5212,"10.11.168.10",445,27,11,16,"10.84.42.134"
"1493688513.000",7501,2353,5148,"10.11.168.10",445,26,11,15,"10.84.42.134"
"1493662684.000",2000,1154,846,"10.83.65.38",445,15,6,9,"10.83.84.205"
"1493662684.000",352,212,140,"10.83.65.38",445,6,3,3,"10.83.84.205"
"1493662684.000",352,212,140,"10.83.68.49",445,6,3,3,"10.83.84.205"
"1493662684.000",2000,1154,846,"10.83.68.49",445,15,6,9,"10.83.84.205"
"1493660885.000",352,212,140,"10.83.68.49",445,6,3,3,"10.83.84.205"
"1493660885.000",2000,1154,846,"10.83.68.49",445,15,6,9,"10.83.84.205"
"1493605708.000",7501,2353,5148,"10.11.168.10",445,26,11,15,"10.84.42.134"
"1493604809.000",7501,2353,5148,"10.11.168.10",445,26,11,15,"10.84.42.134"
"1493600309.000",7565,2417,5148,"10.11.168.10",445,27,12,15,"10.84.42.134"
"1493396000.000",7501,2353,5148,"10.11.168.10",445,26,11,15,"10.84.42.134"
"1493378899.000",7565,2417,5148,"10.11.168.10",445,27,12,15,"10.84.42.134"
"1493362699.000",7501,2353,5148,"10.11.168.9",445,26,11,15,"10.84.42.134"
"1493354422.000",14100,4739,9361,"10.11.168.9",445,51,22,29,"10.84.42.134"
"1493351898.000",7501,2353,5148,"10.11.168.9",445,26,11,15,"10.84.42.134"
"1493319497.000",7501,2353,5148,"10.11.168.10",445,26,11,15,"10.84.42.134"
"1493314997.000",7501,2353,5148,"10.11.168.10",445,26,11,15,"10.84.42.134"
"1493310150.000",1987,1141,846,"10.83.134.91",445,15,6,9,"10.83.84.244"
"1493310150.000",282,142,140,"10.83.3.150",445,5,2,3,"10.83.84.244"
"1493310149.000",356,216,140,"10.83.65.91",445,6,3,3,"10.83.84.244"
"1493310149.000",352,212,140,"10.83.134.91",445,6,3,3,"10.83.84.244"
"1493310149.000",2008,1162,846,"10.83.42.91",445,15,6,9,"10.83.84.244"
"1493310149.000",2008,1162,846,"10.83.3.150",445,15,6,9,"10.83.84.244"
"1493310149.000",282,142,140,"10.83.42.91",445,5,2,3,"10.83.84.244"
"1493310149.000",1986,1140,846,"10.83.65.91",445,15,6,9,"10.83.84.244"
"1493310149.000",352,212,140,"10.83.68.49",445,6,3,3,"10.83.84.244"
"1493310149.000",2000,1154,846,"10.83.68.49",445,15,6,9,"10.83.84.244"
"1493310139.000",82,0,82,"136.98.40.1",445,1,0,1,"10.83.84.244"
"1493308696.000",7500,2352,5148,"10.11.168.10",445,26,11,15,"10.84.42.134"
"1493304910.000",14736,5065,9671,"10.11.168.10",445,55,23,32,"10.84.42.134"
"1493267294.000",7501,2353,5148,"10.11.168.10",445,26,11,15,"10.84.42.134"
"1493252893.000",7501,2353,5148,"10.11.168.10",445,26,11,15,"10.84.42.134"
"1493233993.000",7501,2353,5148,"10.11.168.10",445,26,11,15,"10.84.42.134"
"1493233093.000",7501,2353,5148,"10.11.168.10",445,26,11,15,"10.84.42.134"
"1493230392.000",7501,2353,5148,"10.11.168.10",445,26,11,15,"10.84.42.134"
"1493220492.000",7501,2353,5148,"10.11.168.10",445,26,11,15,"10.84.42.134"
"1493217464.000",21489,9087,12402,"10.11.168.10",445,73,32,41,"10.84.42.134"
"1493216892.000",7501,2353,5148,"10.11.168.10",445,26,11,15,"10.84.42.134"
"1493214191.000",7629,2417,5212,"10.11.168.10",445,28,12,16,"10.84.42.134"
"1493206991.000",7501,2353,5148,"10.11.168.10",445,26,11,15,"10.84.42.134"
"1493192590.000",7565,2417,5148,"10.11.168.10",445,27,12,15,"10.84.42.134"
"1493179091.000",7501,2353,5148,"10.11.168.10",445,26,11,15,"10.84.42.134"
"1493135888.000",7501,2353,5148,"10.11.168.10",445,26,11,15,"10.84.42.134"
"1493119688.000",7501,2353,5148,"10.11.168.10",445,26,11,15,"10.84.42.134"
"1493102588.000",8073,2679,5394,"10.11.168.9",445,29,12,17,"10.84.42.134"
"1493089986.000",7501,2353,5148,"10.11.168.9",445,26,11,15,"10.84.42.134"
"1493086387.000",7881,2663,5218,"10.11.168.9",445,28,12,16,"10.84.42.134"
"1493083686.000",7565,2417,5148,"10.11.168.9",445,27,12,15,"10.84.42.134"
"1493054328.000",82,0,82,"136.98.140.1",445,1,0,1,"10.83.84.244"
"1493054220.000",82,0,82,"136.98.140.1",445,1,0,1,"10.83.84.244"
"1493030584.000",7501,2353,5148,"10.11.168.9",445,26,11,15,"10.84.42.134"
"1493026983.000",7565,2353,5212,"10.11.168.9",445,27,11,16,"10.84.42.134"
"1493011677.000",10569,3270,7299,"10.11.168.10",445,40,18,22,"10.84.42.134"
"1493007164.000",134,70,64,"10.11.168.10",445,3,1,2,"10.84.42.134"
"1492997282.000",7629,2417,5212,"10.11.168.10",445,28,12,16,"10.84.42.134"
"1492994581.000",7501,2353,5148,"10.11.168.10",445,26,11,15,"10.84.42.134"
"1492990081.000",7501,2353,5148,"10.11.168.10",445,26,11,15,"10.84.42.134"
"1492977481.000",7565,2417,5148,"10.11.168.10",445,27,12,15,"10.84.42.134"
"1492973880.000",7565,2417,5148,"10.11.168.10",445,27,12,15,"10.84.42.134"
"1492957679.000",7501,2353,5148,"10.11.168.10",445,26,11,15,"10.84.42.134"
"1492954979.000",7501,2353,5148,"10.11.168.10",445,26,11,15,"10.84.42.134"
"1492953180.000",7565,2417,5148,"10.11.168.10",445,27,12,15,"10.84.42.134"
"1492939679.000",7501,2353,5148,"10.11.168.10",445,26,11,15,"10.84.42.134"
"1492928256.000",14100,4739,9361,"10.11.168.9",445,51,22,29,"10.84.42.134"
"1495214203.000",7501,2353,5148,"10.11.168.10",445,26,11,15,"10.84.42.134"
"1495206102.000",7501,2353,5148,"10.11.168.10",445,26,11,15,"10.84.42.134"
"1495204788.000",14164,4739,9425,"10.11.168.10",445,52,22,30,"10.84.42.134"
"1495198902.000",7629,2417,5212,"10.11.168.10",445,28,12,16,"10.84.42.134"
"1495188101.000",7565,2417,5148,"10.11.168.10",445,27,12,15,"10.84.42.134"
"1495177302.000",7565,2417,5148,"10.11.168.9",445,27,12,15,"10.84.42.134"
"1495171902.000",7501,2353,5148,"10.11.168.9",445,26,11,15,"10.84.42.134"
"1495168302.000",7501,2353,5148,"10.11.168.9",445,26,11,15,"10.84.42.134"
"1495153000.000",7501,2353,5148,"10.11.168.9",445,26,11,15,"10.84.42.134"
"1495128700.000",7565,2417,5148,"10.11.168.9",445,27,12,15,"10.84.42.134"
"1495125099.000",7501,2353,5148,"10.11.168.9",445,26,11,15,"10.84.42.134"
"1495094363.000",14228,4803,9425,"10.11.168.10",445,53,23,30,"10.84.42.134"
"1495028796.000",7501,2353,5148,"10.11.168.10",445,26,11,15,"10.84.42.134"
"1495025196.000",7501,2353,5148,"10.11.168.10",445,26,11,15,"10.84.42.134"
"1495011695.000",7501,2353,5148,"10.11.168.9",445,26,11,15,"10.84.42.134"
"1495008095.000",7501,2353,5148,"10.11.168.9",445,26,11,15,"10.84.42.134"
"1494996394.000",7501,2353,5148,"10.11.168.9",445,26,11,15,"10.84.42.134"
"1494972092.000",7501,2353,5148,"10.11.168.9",445,26,11,15,"10.84.42.134"
"1494955891.000",7501,2353,5148,"10.11.168.10",445,26,11,15,"10.84.42.134"
"1494951052.000",356,216,140,"10.83.65.91",445,6,3,3,"10.83.84.205"
"1494951052.000",1986,1140,846,"10.83.65.91",445,15,6,9,"10.83.84.205"
"1494950933.000",138,78,60,"10.83.65.91",445,3,1,2,"10.83.84.205"
"1494950835.000",352,212,140,"10.83.3.150",445,6,3,3,"10.83.84.205"
"1494950830.000",286,146,140,"10.83.65.91",445,5,2,3,"10.83.84.205"
"1494950830.000",1986,1140,846,"10.83.65.91",445,15,6,9,"10.83.84.205"
"1494950830.000",282,142,140,"10.83.29.108",445,5,2,3,"10.83.84.205"
"1494936992.000",7563,2416,5147,"10.11.168.10",445,27,12,15,"10.84.42.134"
"1494936091.000",7499,2352,5147,"10.11.168.10",445,26,11,15,"10.84.42.134"
"1494926191.000",7563,2416,5147,"10.11.168.10",445,27,12,15,"10.84.42.134"
"1494919995.000",21299,7607,13692,"10.11.168.9",445,79,36,43,"10.84.42.134"
"1494910403.000",7565,2417,5148,"10.11.168.9",445,27,12,15,"10.84.42.134"
"1494903202.000",7501,2353,5148,"10.11.168.9",445,26,11,15,"10.84.42.134"
"1494894202.000",7501,2353,5148,"10.11.168.9",445,26,11,15,"10.84.42.134"
"1494891502.000",7881,2663,5218,"10.11.168.9",445,28,12,16,"10.84.42.134"
"1494889702.000",7881,2663,5218,"10.11.168.9",445,28,12,16,"10.84.42.134"
"1494883401.000",7501,2353,5148,"10.11.168.9",445,26,11,15,"10.84.42.134"
"1494876893.000",282,142,140,"10.83.204.138",445,5,2,3,"10.83.84.205"
"1494876893.000",2000,1154,846,"10.83.204.138",445,15,6,9,"10.83.84.205"
"1494875301.000",7501,2353,5148,"10.11.168.9",445,26,11,15,"10.84.42.134"
"1494874847.000",1986,1140,846,"10.83.65.91",445,15,6,9,"10.83.84.205"
"1494874847.000",2004,1158,846,"10.83.204.210",445,15,6,9,"10.83.84.205"
"1494874847.000",356,216,140,"10.83.65.91",445,6,3,3,"10.83.84.205"
"1494874847.000",2000,1154,846,"10.83.204.138",445,15,6,9,"10.83.84.205"
"1494874847.000",282,142,140,"10.83.204.138",445,5,2,3,"10.83.84.205"
"1494874847.000",282,142,140,"10.83.204.210",445,5,2,3,"10.83.84.205"
"1494874526.000",352,212,140,"10.83.204.210",445,6,3,3,"10.83.84.205"
"1494874526.000",356,216,140,"10.83.65.91",445,6,3,3,"10.83.84.205"
"1494874526.000",2004,1158,846,"10.83.204.210",445,15,6,9,"10.83.84.205"
"1494874526.000",282,142,140,"10.83.204.138",445,5,2,3,"10.83.84.205"
"1494874526.000",1986,1140,846,"10.83.65.91",445,15,6,9,"10.83.84.205"
"1494874401.000",7501,2353,5148,"10.11.168.9",445,26,11,15,"10.84.42.134"
"1494869029.000",82,0,82,"136.98.140.1",445,1,0,1,"10.83.84.205"
"1494849200.000",7501,2353,5148,"10.11.168.9",445,26,11,15,"10.84.42.134"
"1494833899.000",7501,2353,5148,"10.11.168.10",445,26,11,15,"10.84.42.134"
"1494823999.000",7881,2663,5218,"10.11.168.10",445,28,12,16,"10.84.42.134"
"1494811398.000",7501,2353,5148,"10.11.168.10",445,26,11,15,"10.84.42.134"
"1494804198.000",7501,2353,5148,"10.11.168.10",445,26,11,15,"10.84.42.134"
"1494797898.000",7501,2353,5148,"10.11.168.10",445,26,11,15,"10.84.42.134"
"1494796098.000",7565,2417,5148,"10.11.168.10",445,27,12,15,"10.84.42.134"
"1494794298.000",7565,2417,5148,"10.11.168.10",445,27,12,15,"10.84.42.134"
"1494780798.000",7501,2353,5148,"10.11.168.10",445,26,11,15,"10.84.42.134"
"1494779898.000",7565,2417,5148,"10.11.168.10",445,27,12,15,"10.84.42.134"
"1494770897.000",7881,2663,5218,"10.11.168.10",445,28,12,16,"10.84.42.134"
"1494765243.000",14164,4739,9425,"10.11.168.10",445,52,22,30,"10.84.42.134"
"1494764596.000",7501,2353,5148,"10.11.168.10",445,26,11,15,"10.84.42.134"
"1494757593.000",14433,5124,9309,"10.11.168.9",445,53,25,28,"10.84.42.134"
"1494754696.000",7501,2353,5148,"10.11.168.9",445,26,11,15,"10.84.42.134"
"1494751997.000",7501,2353,5148,"10.11.168.9",445,26,11,15,"10.84.42.134"
"1494742096.000",7501,2353,5148,"10.11.168.9",445,26,11,15,"10.84.42.134"
"1494740336.000",14164,4803,9361,"10.11.168.9",445,52,23,29,"10.84.42.134"
"1494738495.000",7501,2353,5148,"10.11.168.9",445,26,11,15,"10.84.42.134"
"1494737595.000",7501,2353,5148,"10.11.168.9",445,26,11,15,"10.84.42.134"
"1494733996.000",7501,2353,5148,"10.11.168.9",445,26,11,15,"10.84.42.134"
"1494732195.000",7565,2417,5148,"10.11.168.9",445,27,12,15,"10.84.42.134"
"1494724095.000",7501,2353,5148,"10.11.168.9",445,26,11,15,"10.84.42.134"
"1494721912.000",14100,4739,9361,"10.11.168.9",445,51,22,29,"10.84.42.134"
"1494715995.000",7565,2417,5148,"10.11.168.9",445,27,12,15,"10.84.42.134"
"1494715094.000",7501,2353,5148,"10.11.168.9",445,26,11,15,"10.84.42.134"
"1494710929.000",14164,4739,9425,"10.11.168.9",445,52,22,30,"10.84.42.134"
"1494701594.000",7501,2353,5148,"10.11.168.9",445,26,11,15,"10.84.42.134"
"1494698894.000",7501,2353,5148,"10.11.168.9",445,26,11,15,"10.84.42.134"
"1494697093.000",7501,2353,5148,"10.11.168.9",445,26,11,15,"10.84.42.134"
"1494695294.000",7501,2353,5148,"10.11.168.9",445,26,11,15,"10.84.42.134"
"1494688993.000",7565,2417,5148,"10.11.168.9",445,27,12,15,"10.84.42.134"
"1494683593.000",7565,2417,5148,"10.11.168.9",445,27,12,15,"10.84.42.134"
"1494676392.000",7501,2353,5148,"10.11.168.9",445,26,11,15,"10.84.42.134"
"1494673692.000",7501,2353,5148,"10.11.168.9",445,26,11,15,"10.84.42.134"
"1494664692.000",7501,2353,5148,"10.11.168.10",445,26,11,15,"10.84.42.134"
"1494663792.000",7501,2353,5148,"10.11.168.10",445,26,11,15,"10.84.42.134"
"1494661992.000",7501,2353,5148,"10.11.168.10",445,26,11,15,"10.84.42.134"
"1494660193.000",7501,2353,5148,"10.11.168.10",445,26,11,15,"10.84.42.134"
"1494645791.000",7501,2353,5148,"10.11.168.10",445,26,11,15,"10.84.42.134"
"1494642191.000",7501,2353,5148,"10.11.168.10",445,26,11,15,"10.84.42.134"
"1494631392.000",7501,2353,5148,"10.11.168.10",445,26,11,15,"10.84.42.134"
"1494629591.000",7501,2353,5148,"10.11.168.10",445,26,11,15,"10.84.42.134"
"1494625990.000",7501,2353,5148,"10.11.168.10",445,26,11,15,"10.84.42.134"
"1494624191.000",7501,2353,5148,"10.11.168.10",445,26,11,15,"10.84.42.134"
"1494620590.000",7501,2353,5148,"10.11.168.10",445,26,11,15,"10.84.42.134"
"1494616990.000",7565,2353,5212,"10.11.168.10",445,27,11,16,"10.84.42.134"
"1494612490.000",7500,2352,5148,"10.11.168.10",445,26,11,15,"10.84.42.134"
"1494611590.000",7501,2353,5148,"10.11.168.10",445,26,11,15,"10.84.42.134"
"1494607090.000",7501,2353,5148,"10.11.168.10",445,26,11,15,"10.84.42.134"
"1494602590.000",7501,2353,5148,"10.11.168.10",445,26,11,15,"10.84.42.134"
"1494598089.000",7501,2353,5148,"10.11.168.10",445,26,11,15,"10.84.42.134"
"1494597189.000",7501,2353,5148,"10.11.168.10",445,26,11,15,"10.84.42.134"
"1494594382.000",14164,4739,9425,"10.11.168.10",445,52,22,30,"10.84.42.134"
"1494588189.000",7501,2353,5148,"10.11.168.10",445,26,11,15,"10.84.42.134"
"1494584589.000",7501,2353,5148,"10.11.168.10",445,26,11,15,"10.84.42.134"
"1494582789.000",7565,2353,5212,"10.11.168.10",445,27,11,16,"10.84.42.134"
"1494577389.000",7501,2353,5148,"10.11.168.10",445,26,11,15,"10.84.42.134"
"1494541387.000",7501,2353,5148,"10.11.168.9",445,26,11,15,"10.84.42.134"
"1494532387.000",7501,2353,5148,"10.11.168.9",445,26,11,15,"10.84.42.134"
"1494527887.000",7501,2353,5148,"10.11.168.9",445,26,11,15,"10.84.42.134"
"1494478384.000",7565,2417,5148,"10.11.168.10",445,27,12,15,"10.84.42.134"
"1494475684.000",7501,2353,5148,"10.11.168.10",445,26,11,15,"10.84.42.134"
"1494466684.000",7779,2423,5356,"10.11.168.10",445,28,12,16,"10.84.42.134"
"1494465784.000",8405,3005,5400,"10.11.168.10",445,30,13,17,"10.84.42.134"
"1494463083.000",7501,2353,5148,"10.11.168.10",445,26,11,15,"10.84.42.134"
"1494462183.000",8073,2679,5394,"10.11.168.10",445,29,12,17,"10.84.42.134"
"1494457370.000",14292,4803,9489,"10.11.168.10",445,54,23,31,"10.84.42.134"
"1494456783.000",8137,2743,5394,"10.11.168.10",445,30,13,17,"10.84.42.134"
"1494446883.000",7501,2353,5148,"10.11.168.9",445,26,11,15,"10.84.42.134"
"1494445083.000",7501,2353,5148,"10.11.168.9",445,26,11,15,"10.84.42.134"
"1494441482.000",7501,2353,5148,"10.11.168.9",445,26,11,15,"10.84.42.134"
"1494440890.000",82,0,82,"136.98.26.1",445,1,0,1,"10.83.84.244"
"1494440890.000",82,0,82,"136.98.209.1",445,1,0,1,"10.83.84.244"
"1494440582.000",7565,2417,5148,"10.11.168.9",445,27,12,15,"10.84.42.134"
"1494438105.000",14228,4803,9425,"10.11.168.9",445,53,23,30,"10.84.42.134"
"1494432128.000",352,212,140,"10.83.134.91",445,6,3,3,"10.83.84.244"
"1494432128.000",1987,1141,846,"10.83.134.91",445,15,6,9,"10.83.84.244"
"1494432084.000",138,78,60,"10.83.3.150",445,3,1,2,"10.83.84.244"
"1494431722.000",82,0,82,"136.98.40.1",445,1,0,1,"10.83.84.244"
"1494431719.000",1987,1141,846,"10.83.134.91",445,15,6,9,"10.83.84.244"
"1494431719.000",352,212,140,"10.83.134.91",445,6,3,3,"10.83.84.244"
"1494431714.000",138,78,60,"10.83.3.150",445,3,1,2,"10.83.84.244"
"1494431709.000",82,0,82,"136.98.40.1",445,1,0,1,"10.83.84.244"
"1494427833.000",1987,1141,846,"10.83.134.91",445,15,6,9,"10.83.84.244"
"1494427832.000",352,212,140,"10.83.134.91",445,6,3,3,"10.83.84.244"
"1494425282.000",7499,2352,5147,"10.11.168.9",445,26,11,15,"10.84.42.134"
"1494423482.000",7499,2352,5147,"10.11.168.9",445,26,11,15,"10.84.42.134"
"1494408569.000",7565,2353,5212,"10.11.168.10",445,27,11,16,"10.84.42.134"
"1494404069.000",7565,2417,5148,"10.11.168.10",445,27,12,15,"10.84.42.134"
"1494389669.000",7501,2353,5148,"10.11.168.10",445,26,11,15,"10.84.42.134"
"1494387868.000",7501,2353,5148,"10.11.168.10",445,26,11,15,"10.84.42.134"
"1494377968.000",7565,2417,5148,"10.11.168.10",445,27,12,15,"10.84.42.134"
"1494372568.000",7565,2417,5148,"10.11.168.10",445,27,12,15,"10.84.42.134"
"1494370333.000",282,142,140,"10.83.3.206",445,5,2,3,"10.83.84.244"
"1494370333.000",1987,1141,846,"10.83.3.206",445,15,6,9,"10.83.84.244"
"1494356367.000",7565,2417,5148,"10.11.168.10",445,27,12,15,"10.84.42.134"
"1494350165.000",352,212,140,"10.83.3.206",445,6,3,3,"10.83.84.244"
"1494350165.000",1987,1141,846,"10.83.3.206",445,15,6,9,"10.83.84.244"
"1494350067.000",7501,2353,5148,"10.11.168.10",445,26,11,15,"10.84.42.134"
"1494333282.000",14228,4803,9425,"10.11.168.10",445,53,23,30,"10.84.42.134"
"1494332066.000",7501,2353,5148,"10.11.168.10",445,26,11,15,"10.84.42.134"
"1494309564.000",7881,2663,5218,"10.11.168.10",445,28,12,16,"10.84.42.134"
"1494304164.000",7501,2353,5148,"10.11.168.10",445,26,11,15,"10.84.42.134"
"1494302364.000",7565,2417,5148,"10.11.168.10",445,27,12,15,"10.84.42.134"
"1494287963.000",7501,2353,5148,"10.11.168.10",445,26,11,15,"10.84.42.134"
"1494275285.000",2008,1162,846,"10.83.185.3",445,15,6,9,"10.83.84.244"
"1494275284.000",352,212,140,"10.83.68.49",445,6,3,3,"10.83.84.244"
"1494271763.000",7501,2353,5148,"10.11.168.10",445,26,11,15,"10.84.42.134"
"1494269062.000",7565,2417,5148,"10.11.168.10",445,27,12,15,"10.84.42.134"
"1494267262.000",7565,2417,5148,"10.11.168.10",445,27,12,15,"10.84.42.134"
"1494266411.000",352,212,140,"10.83.185.3",445,6,3,3,"10.83.84.244"
"1494266411.000",2000,1154,846,"10.83.68.49",445,15,6,9,"10.83.84.244"
"1494266411.000",352,212,140,"10.83.68.49",445,6,3,3,"10.83.84.244"
"1494266411.000",2008,1162,846,"10.83.185.3",445,15,6,9,"10.83.84.244"
"1493981048.000",7565,2353,5212,"10.11.168.9",445,27,11,16,"10.84.42.134"
"1493957993.000",10295,3002,7293,"10.11.168.10",445,40,18,22,"10.84.42.134"
"1493957647.000",7501,2353,5148,"10.11.168.10",445,26,11,15,"10.84.42.134"
"1493946847.000",7501,2353,5148,"10.11.168.10",445,26,11,15,"10.84.42.134"
"1493932446.000",7501,2353,5148,"10.11.168.10",445,26,11,15,"10.84.42.134"
"1493927046.000",7501,2353,5148,"10.11.168.10",445,26,11,15,"10.84.42.134"
"1493925072.000",14228,4803,9425,"10.11.168.10",445,53,23,30,"10.84.42.134"
"1493911745.000",7565,2417,5148,"10.11.168.10",445,27,12,15,"10.84.42.134"
"1493891044.000",7501,2353,5148,"10.11.168.10",445,26,11,15,"10.84.42.134"
"1493890144.000",7565,2417,5148,"10.11.168.10",445,27,12,15,"10.84.42.134"
"1493877543.000",7565,2417,5148,"10.11.168.10",445,27,12,15,"10.84.42.134"
"1493869443.000",7501,2353,5148,"10.11.168.10",445,26,11,15,"10.84.42.134"
"1493831032.000",21553,9151,12402,"10.11.168.10",445,74,33,41,"10.84.42.134"
"1493825340.000",7565,2417,5148,"10.11.168.10",445,27,12,15,"10.84.42.134"
"1493384300.000",7565,2417,5148,"10.11.168.10",445,27,12,15,"10.84.42.134"
"1493378667.000",14100,4739,9361,"10.11.168.10",445,51,22,29,"10.84.42.134"
"1493372485.000",14709,5144,9565,"10.11.168.10",445,57,25,32,"10.84.42.134"
"1493354598.000",7501,2353,5148,"10.11.168.9",445,26,11,15,"10.84.42.134"
"1493353537.000",12621,3404,9217,"10.11.168.10",445,46,20,26,"10.84.42.134"
"1493336597.000",7501,2353,5148,"10.11.168.9",445,26,11,15,"10.84.42.134"
"1493335698.000",7565,2417,5148,"10.11.168.9",445,27,12,15,"10.84.42.134"
"1493328497.000",7565,2417,5148,"10.11.168.9",445,27,12,15,"10.84.42.134"
"1493323997.000",7501,2353,5148,"10.11.168.9",445,26,11,15,"10.84.42.134"
"1493317697.000",7501,2353,5148,"10.11.168.10",445,26,11,15,"10.84.42.134"
"1493317287.000",352,212,140,"10.83.68.49",445,6,3,3,"10.83.84.244"
"1493317287.000",1992,1146,846,"10.83.68.215",445,15,6,9,"10.83.84.244"
"1493317287.000",352,212,140,"10.83.68.215",445,6,3,3,"10.83.84.244"
"1493317287.000",2000,1154,846,"10.83.68.49",445,15,6,9,"10.83.84.244"
"1493317126.000",282,142,140,"10.83.68.49",445,5,2,3,"10.83.84.244"
"1493317126.000",2000,1154,846,"10.83.68.49",445,15,6,9,"10.83.84.244"
"1493317120.000",138,78,60,"10.83.68.215",445,3,1,2,"10.83.84.244"
"1493317115.000",82,0,82,"136.98.140.1",445,1,0,1,"10.83.84.244"
"1493313196.000",7565,2417,5148,"10.11.168.10",445,27,12,15,"10.84.42.134"
"1493310414.000",352,212,140,"10.83.68.49",445,6,3,3,"10.83.84.244"
"1493310414.000",2000,1154,846,"10.83.68.49",445,15,6,9,"10.83.84.244"
"1493310334.000",352,212,140,"10.83.68.49",445,6,3,3,"10.83.84.244"
"1493310334.000",2000,1154,846,"10.83.68.49",445,15,6,9,"10.83.84.244"
"1493310333.000",282,142,140,"10.83.3.150",445,5,2,3,"10.83.84.244"
"1493310333.000",282,142,140,"10.83.42.91",445,5,2,3,"10.83.84.244"
"1493310333.000",286,146,140,"10.83.65.91",445,5,2,3,"10.83.84.244"
"1493310333.000",1986,1140,846,"10.83.65.91",445,15,6,9,"10.83.84.244"
"1493310333.000",2008,1162,846,"10.83.3.150",445,15,6,9,"10.83.84.244"
"1493310185.000",1987,1141,846,"10.83.134.91",445,15,6,9,"10.83.84.244"
"1493310185.000",2008,1162,846,"10.83.42.91",445,15,6,9,"10.83.84.244"
"1493310185.000",282,142,140,"10.83.134.91",445,5,2,3,"10.83.84.244"
"1493310185.000",352,212,140,"10.83.42.91",445,6,3,3,"10.83.84.244"
"1493310184.000",1986,1140,846,"10.83.65.91",445,15,6,9,"10.83.84.244"
"1493310184.000",352,212,140,"10.83.68.49",445,6,3,3,"10.83.84.244"
"1493310184.000",2000,1154,846,"10.83.68.49",445,15,6,9,"10.83.84.244"
"1493310184.000",286,146,140,"10.83.65.91",445,5,2,3,"10.83.84.244"
"1493310179.000",138,78,60,"10.83.3.150",445,3,1,2,"10.83.84.244"
"1493310116.000",352,212,140,"10.83.68.49",445,6,3,3,"10.83.84.244"
"1493310116.000",352,212,140,"10.83.42.91",445,6,3,3,"10.83.84.244"
"1493310115.000",2008,1162,846,"10.83.3.150",445,15,6,9,"10.83.84.244"
"1493310114.000",1987,1141,846,"10.83.134.91",445,15,6,9,"10.83.84.244"
"1493310114.000",282,142,140,"10.83.3.150",445,5,2,3,"10.83.84.244"
"1493310114.000",352,212,140,"10.83.134.91",445,6,3,3,"10.83.84.244"
"1493310104.000",82,0,82,"136.98.40.1",445,1,0,1,"10.83.84.244"
"1493310083.000",1987,1141,846,"10.83.134.91",445,15,6,9,"10.83.84.244"
"1493310082.000",282,142,140,"10.83.134.91",445,5,2,3,"10.83.84.244"
"1493310082.000",1986,1140,846,"10.83.65.91",445,15,6,9,"10.83.84.244"
"1493310082.000",352,212,140,"10.83.185.3",445,6,3,3,"10.83.84.244"
"1493310077.000",138,78,60,"10.83.3.150",445,3,1,2,"10.83.84.244"
"1493310072.000",82,0,82,"136.98.40.1",445,1,0,1,"10.83.84.244"
"1493305995.000",7565,2417,5148,"10.11.168.10",445,27,12,15,"10.84.42.134"
"1493297896.000",7501,2353,5148,"10.11.168.10",445,26,11,15,"10.84.42.134"
"1493296996.000",7565,2417,5148,"10.11.168.10",445,27,12,15,"10.84.42.134"
"1493292245.000",14100,4739,9361,"10.11.168.10",445,51,22,29,"10.84.42.134"
"1493239392.000",7805,2487,5318,"10.11.168.10",445,29,13,16,"10.84.42.134"
"1493229708.000",14100,4739,9361,"10.11.168.10",445,51,22,29,"10.84.42.134"
"1493223192.000",7843,2423,5420,"10.11.168.10",445,29,12,17,"10.84.42.134"
"1493219592.000",7501,2353,5148,"10.11.168.10",445,26,11,15,"10.84.42.134"
"1493218956.000",22348,8254,14094,"10.11.168.10",445,66,27,39,"10.84.42.134"
"1493218692.000",7501,2353,5148,"10.11.168.10",445,26,11,15,"10.84.42.134"
"1493215991.000",7565,2417,5148,"10.11.168.10",445,27,12,15,"10.84.42.134"
"1493203391.000",7501,2353,5148,"10.11.168.10",445,26,11,15,"10.84.42.134"
"1493198890.000",7501,2353,5148,"10.11.168.10",445,26,11,15,"10.84.42.134"
"1493196190.000",7501,2353,5148,"10.11.168.10",445,26,11,15,"10.84.42.134"
"1493193490.000",7501,2353,5148,"10.11.168.10",445,26,11,15,"10.84.42.134"
"1493188090.000",7501,2353,5148,"10.11.168.10",445,26,11,15,"10.84.42.134"
"1493165590.000",7501,2353,5148,"10.11.168.10",445,26,11,15,"10.84.42.134"
"1493158389.000",7501,2353,5148,"10.11.168.10",445,26,11,15,"10.84.42.134"
"1493156589.000",7565,2417,5148,"10.11.168.10",445,27,12,15,"10.84.42.134"
"1493152088.000",7501,2353,5148,"10.11.168.10",445,26,11,15,"10.84.42.134"
"1493137689.000",7565,2353,5212,"10.11.168.10",445,27,11,16,"10.84.42.134"
"1493134885.000",14292,4867,9425,"10.11.168.10",445,54,24,30,"10.84.42.134"
"1493097186.000",8073,2679,5394,"10.11.168.9",445,29,12,17,"10.84.42.134"
"1493092686.000",7872,2649,5223,"10.11.168.9",445,27,11,16,"10.84.42.134"
"1493091786.000",7501,2353,5148,"10.11.168.9",445,26,11,15,"10.84.42.134"
"1493058427.000",14100,4739,9361,"10.11.168.9",445,51,22,29,"10.84.42.134"
"1493054376.000",282,142,140,"10.83.29.108",445,5,2,3,"10.83.84.244"
"1493054375.000",1992,1146,846,"10.83.68.215",445,15,6,9,"10.83.84.244"
"1493054375.000",282,142,140,"10.83.68.215",445,5,2,3,"10.83.84.244"
"1493049095.000",282,142,140,"10.83.42.91",445,5,2,3,"10.83.84.244"
"1493049095.000",282,142,140,"10.83.29.108",445,5,2,3,"10.83.84.244"
"1493049095.000",2008,1162,846,"10.83.3.150",445,15,6,9,"10.83.84.244"
"1493049095.000",2008,1162,846,"10.83.42.91",445,15,6,9,"10.83.84.244"
"1493049095.000",1987,1141,846,"10.83.29.108",445,15,6,9,"10.83.84.244"
"1493049095.000",352,212,140,"10.83.3.150",445,6,3,3,"10.83.84.244"
"1493038563.000",14164,4739,9425,"10.11.168.9",445,52,22,30,"10.84.42.134"
"1493031484.000",7565,2417,5148,"10.11.168.9",445,27,12,15,"10.84.42.134"
"1493030180.000",22253,8254,13999,"10.11.168.9",445,66,27,39,"10.84.42.134"
"1493002793.000",14100,4739,9361,"10.11.168.10",445,51,22,29,"10.84.42.134"
"1492987381.000",7501,2353,5148,"10.11.168.10",445,26,11,15,"10.84.42.134"
"1492964880.000",7501,2353,5148,"10.11.168.10",445,26,11,15,"10.84.42.134"
"1492934257.000",14100,4739,9361,"10.11.168.9",445,51,22,29,"10.84.42.134"
"1492920778.000",7501,2353,5148,"10.11.168.9",445,26,11,15,"10.84.42.134"
"1494072852.000",7501,2353,5148,"10.11.168.10",445,26,11,15,"10.84.42.134"
"1494064752.000",7565,2417,5148,"10.11.168.10",445,27,12,15,"10.84.42.134"
"1494058452.000",7565,2417,5148,"10.11.168.10",445,27,12,15,"10.84.42.134"
"1494054851.000",7501,2353,5148,"10.11.168.10",445,26,11,15,"10.84.42.134"
"1494042878.000",14228,4803,9425,"10.11.168.10",445,53,23,30,"10.84.42.134"
"1494030550.000",7565,2417,5148,"10.11.168.10",445,27,12,15,"10.84.42.134"
"1494018033.000",21637,9293,12344,"10.11.168.9",445,73,33,40,"10.84.42.134"
"1494013449.000",7501,2353,5148,"10.11.168.9",445,26,11,15,"10.84.42.134"
"1494004449.000",7501,2353,5148,"10.11.168.9",445,26,11,15,"10.84.42.134"
"1493991487.000",62,0,62,"10.77.180.102",445,1,0,1,"10.84.42.231"
"1493991313.000",132,0,132,"10.77.180.102",445,2,0,2,"10.84.42.231"
"1493991153.000",62,0,62,"10.77.180.102",445,1,0,1,"10.84.42.231"
"1493987606.000",14164,4739,9425,"10.11.168.9",445,52,22,30,"10.84.42.134"
"1493978348.000",7565,2417,5148,"10.11.168.10",445,27,12,15,"10.84.42.134"
"1493976548.000",7565,2417,5148,"10.11.168.10",445,27,12,15,"10.84.42.134"
"1493976490.000",22317,8318,13999,"10.11.168.10",445,67,28,39,"10.84.42.134"
"1493972048.000",7501,2353,5148,"10.11.168.10",445,26,11,15,"10.84.42.134"
"1493970248.000",7779,2423,5356,"10.11.168.10",445,28,12,16,"10.84.42.134"
"1493970074.000",23524,9513,14011,"10.11.168.10",445,68,29,39,"10.84.42.134"
"1493963047.000",7565,2353,5212,"10.11.168.10",445,27,11,16,"10.84.42.134"
"1493958547.000",7501,2353,5148,"10.11.168.10",445,26,11,15,"10.84.42.134"
"1493958009.000",25841,10489,15352,"10.11.168.10",445,77,33,44,"10.84.42.134"
"1493957958.000",97144,38838,58306,"10.11.168.10",445,368,180,188,"10.84.42.134"
"1493953147.000",7565,2417,5148,"10.11.168.10",445,27,12,15,"10.84.42.134"
"1493947747.000",7565,2417,5148,"10.11.168.10",445,27,12,15,"10.84.42.134"
"1493945047.000",7501,2353,5148,"10.11.168.10",445,26,11,15,"10.84.42.134"
"1493940546.000",7565,2417,5148,"10.11.168.10",445,27,12,15,"10.84.42.134"
"1493939647.000",7565,2417,5148,"10.11.168.10",445,27,12,15,"10.84.42.134"
"1493938746.000",7501,2353,5148,"10.11.168.10",445,26,11,15,"10.84.42.134"
"1493937847.000",7501,2353,5148,"10.11.168.10",445,26,11,15,"10.84.42.134"
"1493935146.000",7501,2353,5148,"10.11.168.10",445,26,11,15,"10.84.42.134"
"1493934246.000",7501,2353,5148,"10.11.168.10",445,26,11,15,"10.84.42.134"
"1493929746.000",7629,2417,5212,"10.11.168.10",445,28,12,16,"10.84.42.134"
"1493927946.000",7501,2353,5148,"10.11.168.10",445,26,11,15,"10.84.42.134"
"1493926146.000",7565,2417,5148,"10.11.168.10",445,27,12,15,"10.84.42.134"
"1493925246.000",7501,2353,5148,"10.11.168.10",445,26,11,15,"10.84.42.134"
"1493922546.000",7501,2353,5148,"10.11.168.10",445,26,11,15,"10.84.42.134"
"1493921646.000",7501,2353,5148,"10.11.168.10",445,26,11,15,"10.84.42.134"
"1493915345.000",7565,2417,5148,"10.11.168.10",445,27,12,15,"10.84.42.134"
"1493913545.000",7565,2417,5148,"10.11.168.10",445,27,12,15,"10.84.42.134"
"1493908145.000",7565,2417,5148,"10.11.168.10",445,27,12,15,"10.84.42.134"
"1493899267.000",14100,4739,9361,"10.11.168.10",445,51,22,29,"10.84.42.134"
"1493894644.000",7565,2353,5212,"10.11.168.10",445,27,11,16,"10.84.42.134"
"1493892844.000",7501,2353,5148,"10.11.168.10",445,26,11,15,"10.84.42.134"
"1493882044.000",7501,2353,5148,"10.11.168.10",445,26,11,15,"10.84.42.134"
"1493873043.000",7501,2353,5148,"10.11.168.10",445,26,11,15,"10.84.42.134"
"1493868543.000",7565,2417,5148,"10.11.168.10",445,27,12,15,"10.84.42.134"
"1493863019.000",14228,4803,9425,"10.11.168.10",445,53,23,30,"10.84.42.134"
"1493861343.000",7565,2417,5148,"10.11.168.10",445,27,12,15,"10.84.42.134"
"1493856842.000",7501,2353,5148,"10.11.168.10",445,26,11,15,"10.84.42.134"
"1493856718.000",14228,4803,9425,"10.11.168.10",445,53,23,30,"10.84.42.134"
"1493849642.000",7565,2417,5148,"10.11.168.10",445,27,12,15,"10.84.42.134"
"1493846042.000",7501,2353,5148,"10.11.168.10",445,26,11,15,"10.84.42.134"
"1493841542.000",7501,2353,5148,"10.11.168.10",445,26,11,15,"10.84.42.134"
"1493833441.000",7501,2353,5148,"10.11.168.10",445,26,11,15,"10.84.42.134"
"1493832541.000",7501,2353,5148,"10.11.168.10",445,26,11,15,"10.84.42.134"
"1493830741.000",7565,2417,5148,"10.11.168.10",445,27,12,15,"10.84.42.134"
"1493829841.000",7501,2353,5148,"10.11.168.10",445,26,11,15,"10.84.42.134"
"1493827141.000",7501,2353,5148,"10.11.168.10",445,26,11,15,"10.84.42.134"
"1493824440.000",7501,2353,5148,"10.11.168.10",445,26,11,15,"10.84.42.134"
"1493817529.000",14228,4803,9425,"10.11.168.10",445,53,23,30,"10.84.42.134"
"1493816340.000",7501,2353,5148,"10.11.168.10",445,26,11,15,"10.84.42.134"
"1493812740.000",7565,2417,5148,"10.11.168.10",445,27,12,15,"10.84.42.134"
"1493810939.000",7565,2417,5148,"10.11.168.10",445,27,12,15,"10.84.42.134"
"1493810808.000",14099,4738,9361,"10.11.168.10",445,51,22,29,"10.84.42.134"
"1493806440.000",7779,2423,5356,"10.11.168.10",445,28,12,16,"10.84.42.134"
"1493803738.000",7501,2353,5148,"10.11.168.9",445,26,11,15,"10.84.42.134"
"1493802798.000",104190,40038,64152,"10.11.168.9",445,382,185,197,"10.84.42.134"
"1493796538.000",7501,2353,5148,"10.11.168.9",445,26,11,15,"10.84.42.134"
"1493795639.000",7565,2417,5148,"10.11.168.9",445,27,12,15,"10.84.42.134"
"1493792038.000",7565,2417,5148,"10.11.168.9",445,27,12,15,"10.84.42.134"
"1493791139.000",7501,2353,5148,"10.11.168.9",445,26,11,15,"10.84.42.134"
"1493790645.000",14228,4803,9425,"10.11.168.9",445,53,23,30,"10.84.42.134"
"1493789319.000",7501,2353,5148,"10.11.168.9",445,26,11,15,"10.84.42.134"
"1493787518.000",7501,2353,5148,"10.11.168.9",445,26,11,15,"10.84.42.134"
"1493777617.000",7501,2353,5148,"10.11.168.9",445,26,11,15,"10.84.42.134"
"1493775817.000",7501,2353,5148,"10.11.168.9",445,26,11,15,"10.84.42.134"
"1493770417.000",7501,2353,5148,"10.11.168.9",445,26,11,15,"10.84.42.134"
"1493764117.000",7565,2417,5148,"10.11.168.9",445,27,12,15,"10.84.42.134"
"1493756016.000",7881,2663,5218,"10.11.168.10",445,28,12,16,"10.84.42.134"
"1493755115.000",7565,2417,5148,"10.11.168.10",445,27,12,15,"10.84.42.134"
"1493753316.000",7565,2417,5148,"10.11.168.10",445,27,12,15,"10.84.42.134"
"1493747282.000",1992,1146,846,"10.83.68.215",445,15,6,9,"10.83.84.244"
"1493747282.000",282,142,140,"10.83.68.215",445,5,2,3,"10.83.84.244"
"1493746949.000",352,212,140,"10.83.68.215",445,6,3,3,"10.83.84.244"
"1493746949.000",1992,1146,846,"10.83.68.215",445,15,6,9,"10.83.84.244"
"1493746939.000",82,0,82,"136.98.140.1",445,1,0,1,"10.83.84.244"
"1493746881.000",352,212,140,"10.83.29.103",445,6,3,3,"10.83.84.244"
"1493746881.000",2004,1158,846,"10.83.29.103",445,15,6,9,"10.83.84.244"
"1493746881.000",352,212,140,"10.83.68.215",445,6,3,3,"10.83.84.244"
"1493746881.000",1992,1146,846,"10.83.68.215",445,15,6,9,"10.83.84.244"
"1493736755.000",3662317,1089343,2572974,"10.188.60.18",445,10132,4840,5292,"10.84.42.134"
"1493729914.000",7501,2353,5148,"10.11.168.10",445,26,11,15,"10.84.42.134"
"1493721464.000",14645,5266,9379,"10.11.168.10",445,54,25,29,"10.84.42.134"
"1493719114.000",7565,2417,5148,"10.11.168.10",445,27,12,15,"10.84.42.134"
"1493716413.000",7501,2353,5148,"10.11.168.10",445,26,11,15,"10.84.42.134"
"1493700213.000",7501,2353,5148,"10.11.168.10",445,26,11,15,"10.84.42.134"
"1493695712.000",7501,2353,5148,"10.11.168.10",445,26,11,15,"10.84.42.134"
"1493682212.000",7501,2353,5148,"10.11.168.10",445,26,11,15,"10.84.42.134"
"1493680413.000",7501,2353,5148,"10.11.168.10",445,26,11,15,"10.84.42.134"
"1493679332.000",14228,4739,9489,"10.11.168.10",445,53,22,31,"10.84.42.134"
"1493674112.000",7565,2417,5148,"10.11.168.10",445,27,12,15,"10.84.42.134"
"1493670511.000",7565,2417,5148,"10.11.168.9",445,27,12,15,"10.84.42.134"
"1493668712.000",7501,2353,5148,"10.11.168.9",445,26,11,15,"10.84.42.134"
"1493668066.000",352,212,140,"10.83.68.49",445,6,3,3,"10.83.84.205"
"1493668066.000",2000,1154,846,"10.83.68.49",445,15,6,9,"10.83.84.205"
"1493668031.000",2004,1158,846,"10.83.68.21",445,15,6,9,"10.83.84.205"
"1493668031.000",352,212,140,"10.83.68.49",445,6,3,3,"10.83.84.205"
"1493668031.000",282,142,140,"10.83.68.21",445,5,2,3,"10.83.84.205"
"1493668031.000",2000,1154,846,"10.83.68.49",445,15,6,9,"10.83.84.205"
"1493667963.000",352,212,140,"10.83.68.49",445,6,3,3,"10.83.84.205"
"1493667963.000",2000,1154,846,"10.83.68.49",445,15,6,9,"10.83.84.205"
"1493662411.000",7501,2353,5148,"10.11.168.9",445,26,11,15,"10.84.42.134"
"1493659085.000",2000,1154,846,"10.83.68.49",445,15,6,9,"10.83.84.205"
"1493659085.000",2004,1158,846,"10.83.29.103",445,15,6,9,"10.83.84.205"
"1493659085.000",352,212,140,"10.83.68.49",445,6,3,3,"10.83.84.205"
"1493659085.000",352,212,140,"10.83.29.103",445,6,3,3,"10.83.84.205"
"1493652688.000",2000,1154,846,"10.83.68.49",445,15,6,9,"10.83.84.244"
"1493652688.000",282,142,140,"10.83.68.49",445,5,2,3,"10.83.84.244"
"1493652688.000",2000,1154,846,"10.83.68.49",445,15,6,9,"10.83.84.205"
"1493652688.000",352,212,140,"10.83.68.49",445,6,3,3,"10.83.84.205"
"1493652683.000",138,78,60,"10.83.3.150",445,3,1,2,"10.83.84.244"
"1493651739.000",282,142,140,"10.83.68.49",445,5,2,3,"10.83.84.244"
"1493651739.000",2000,1154,846,"10.83.68.49",445,15,6,9,"10.83.84.244"
"1493651737.000",2000,1154,846,"10.83.68.49",445,15,6,9,"10.83.84.205"
"1493651737.000",352,212,140,"10.83.68.49",445,6,3,3,"10.83.84.205"
"1493651737.000",2008,1162,846,"10.83.3.150",445,15,6,9,"10.83.84.205"
"1493651737.000",282,142,140,"10.83.3.150",445,5,2,3,"10.83.84.205"
"1493651734.000",138,78,60,"10.83.3.150",445,3,1,2,"10.83.84.244"
"1493648910.000",7565,2417,5148,"10.11.168.9",445,27,12,15,"10.84.42.134"
"1493648725.000",21553,9151,12402,"10.11.168.9",445,74,33,41,"10.84.42.134"
"1493630909.000",8137,2743,5394,"10.11.168.9",445,30,13,17,"10.84.42.134"
"1493628210.000",7565,2417,5148,"10.11.168.10",445,27,12,15,"10.84.42.134"
"1493618310.000",8137,2743,5394,"10.11.168.10",445,30,13,17,"10.84.42.134"
"1493616510.000",8137,2743,5394,"10.11.168.10",445,30,13,17,"10.84.42.134"
"1493615610.000",7501,2353,5148,"10.11.168.10",445,26,11,15,"10.84.42.134"
"1493610209.000",7501,2353,5148,"10.11.168.10",445,26,11,15,"10.84.42.134"
"1493609309.000",7501,2353,5148,"10.11.168.10",445,26,11,15,"10.84.42.134"
"1493607509.000",7501,2353,5148,"10.11.168.10",445,26,11,15,"10.84.42.134"
"1493604436.000",14100,4739,9361,"10.11.168.10",445,51,22,29,"10.84.42.134"
"1493603909.000",7501,2353,5148,"10.11.168.10",445,26,11,15,"10.84.42.134"
"1493603009.000",7501,2353,5148,"10.11.168.10",445,26,11,15,"10.84.42.134"
"1493596709.000",7565,2417,5148,"10.11.168.10",445,27,12,15,"10.84.42.134"
"1493595809.000",7501,2353,5148,"10.11.168.10",445,26,11,15,"10.84.42.134"
"1493593109.000",7565,2417,5148,"10.11.168.10",445,27,12,15,"10.84.42.134"
"1493583208.000",7501,2353,5148,"10.11.168.9",445,26,11,15,"10.84.42.134"
"1493582307.000",7565,2417,5148,"10.11.168.9",445,27,12,15,"10.84.42.134"
"1493572408.000",7501,2353,5148,"10.11.168.9",445,26,11,15,"10.84.42.134"
"1493570607.000",7501,2353,5148,"10.11.168.9",445,26,11,15,"10.84.42.134"
"1493564307.000",7501,2353,5148,"10.11.168.9",445,26,11,15,"10.84.42.134"
"1493559807.000",7501,2353,5148,"10.11.168.9",445,26,11,15,"10.84.42.134"
"1493549007.000",7501,2353,5148,"10.11.168.9",445,26,11,15,"10.84.42.134"
"1493545407.000",7501,2353,5148,"10.11.168.9",445,26,11,15,"10.84.42.134"
"1493541604.000",14228,4803,9425,"10.11.168.9",445,53,23,30,"10.84.42.134"
"1493541538.000",22396,8254,14142,"10.11.168.9",445,67,27,40,"10.84.42.134"
"1493533706.000",7501,2353,5148,"10.11.168.10",445,26,11,15,"10.84.42.134"
"1493526506.000",7565,2417,5148,"10.11.168.10",445,27,12,15,"10.84.42.134"
"1493522906.000",7501,2353,5148,"10.11.168.10",445,26,11,15,"10.84.42.134"
"1493516605.000",7501,2353,5148,"10.11.168.10",445,26,11,15,"10.84.42.134"
"1493515705.000",7565,2417,5148,"10.11.168.10",445,27,12,15,"10.84.42.134"
"1493512136.000",14100,4739,9361,"10.11.168.10",445,51,22,29,"10.84.42.134"
"1493505805.000",7501,2353,5148,"10.11.168.10",445,26,11,15,"10.84.42.134"
"1493503105.000",7565,2417,5148,"10.11.168.10",445,27,12,15,"10.84.42.134"
"1493502205.000",7501,2353,5148,"10.11.168.10",445,26,11,15,"10.84.42.134"
"1493501305.000",7501,2353,5148,"10.11.168.10",445,26,11,15,"10.84.42.134"
"1493486004.000",7501,2353,5148,"10.11.168.9",445,26,11,15,"10.84.42.134"
"1493481504.000",7501,2353,5148,"10.11.168.9",445,26,11,15,"10.84.42.134"
"1493479704.000",7565,2417,5148,"10.11.168.9",445,27,12,15,"10.84.42.134"
"1493468902.000",7501,2353,5148,"10.11.168.9",445,26,11,15,"10.84.42.134"
"1493468002.000",7501,2353,5148,"10.11.168.9",445,26,11,15,"10.84.42.134"
"1493461702.000",7565,2417,5148,"10.11.168.9",445,27,12,15,"10.84.42.134"
"1493438501.000",14164,4739,9425,"10.11.168.9",445,52,22,30,"10.84.42.134"
"1493431101.000",7565,2417,5148,"10.11.168.9",445,27,12,15,"10.84.42.134"
"1493427502.000",7565,2417,5148,"10.11.168.9",445,27,12,15,"10.84.42.134"
"1493426617.000",20016,6140,13876,"10.11.168.9",445,69,30,39,"10.84.42.134"
"1493422100.000",7565,2417,5148,"10.11.168.9",445,27,12,15,"10.84.42.134"
"1493420301.000",7954,2736,5218,"10.11.168.9",445,29,13,16,"10.84.42.134"
"1493417601.000",7501,2353,5148,"10.11.168.9",445,26,11,15,"10.84.42.134"
"1493408914.000",14100,4739,9361,"10.11.168.9",445,51,22,29,"10.84.42.134"
"1493408600.000",7501,2353,5148,"10.11.168.9",445,26,11,15,"10.84.42.134"
"1493399600.000",7501,2353,5148,"10.11.168.10",445,26,11,15,"10.84.42.134"
"1493398700.000",7945,2727,5218,"10.11.168.10",445,29,13,16,"10.84.42.134"
"1493396899.000",7501,2353,5148,"10.11.168.10",445,26,11,15,"10.84.42.134"
"1493392399.000",7501,2353,5148,"10.11.168.10",445,26,11,15,"10.84.42.134"
"1493387000.000",7501,2353,5148,"10.11.168.10",445,26,11,15,"10.84.42.134"
"1493383399.000",7501,2353,5148,"10.11.168.10",445,26,11,15,"10.84.42.134"
"1493382500.000",7565,2417,5148,"10.11.168.10",445,27,12,15,"10.84.42.134"
"1493373499.000",7565,2417,5148,"10.11.168.10",445,27,12,15,"10.84.42.134"
"1493360898.000",7565,2417,5148,"10.11.168.9",445,27,12,15,"10.84.42.134"
"1493356397.000",7501,2353,5148,"10.11.168.9",445,26,11,15,"10.84.42.134"
"1493349197.000",7501,2353,5148,"10.11.168.9",445,26,11,15,"10.84.42.134"
"1493347398.000",7501,2353,5148,"10.11.168.9",445,26,11,15,"10.84.42.134"
"1493340197.000",7501,2353,5148,"10.11.168.9",445,26,11,15,"10.84.42.134"
"1493337498.000",7501,2353,5148,"10.11.168.9",445,26,11,15,"10.84.42.134"
"1493330297.000",7565,2417,5148,"10.11.168.9",445,27,12,15,"10.84.42.134"
"1493329935.000",14292,4803,9489,"10.11.168.9",445,54,23,31,"10.84.42.134"
"1493323514.000",14645,5144,9501,"10.11.168.9",445,56,25,31,"10.84.42.134"
"1493319531.000",2000,1154,846,"10.83.68.49",445,15,6,9,"10.83.84.244"
"1493319531.000",352,212,140,"10.83.68.49",445,6,3,3,"10.83.84.244"
"1493319531.000",1992,1146,846,"10.83.68.215",445,15,6,9,"10.83.84.244"
"1493319531.000",352,212,140,"10.83.68.215",445,6,3,3,"10.83.84.244"
"1493319521.000",82,0,82,"136.98.140.1",445,1,0,1,"10.83.84.244"
"1493316992.000",82,0,82,"136.98.140.1",445,1,0,1,"10.83.84.244"
"1493316914.000",82,0,82,"136.98.140.1",445,1,0,1,"10.83.84.244"
"1493316781.000",352,212,140,"10.83.68.49",445,6,3,3,"10.83.84.244"
"1493310373.000",352,212,140,"10.83.68.49",445,6,3,3,"10.83.84.244"
"1493310373.000",2000,1154,846,"10.83.68.49",445,15,6,9,"10.83.84.244"
"1493310215.000",138,78,60,"10.83.3.150",445,3,1,2,"10.83.84.244"
"1493310215.000",138,78,60,"10.83.42.91",445,3,1,2,"10.83.84.244"
"1493309649.000",356,216,140,"10.83.65.91",445,6,3,3,"10.83.84.244"
"1493309649.000",352,212,140,"10.83.185.3",445,6,3,3,"10.83.84.244"
"1493309649.000",282,142,140,"10.83.3.150",445,5,2,3,"10.83.84.244"
"1493309649.000",2008,1162,846,"10.83.185.3",445,15,6,9,"10.83.84.244"
"1493309649.000",2008,1162,846,"10.83.3.150",445,15,6,9,"10.83.84.244"
"1493309648.000",282,142,140,"10.83.134.91",445,5,2,3,"10.83.84.244"
"1493309648.000",1987,1141,846,"10.83.134.91",445,15,6,9,"10.83.84.244"
"1493309638.000",82,0,82,"136.98.40.1",445,1,0,1,"10.83.84.244"
"1493309615.000",282,142,140,"10.83.134.91",445,5,2,3,"10.83.84.244"
"1493309615.000",2008,1162,846,"10.83.185.3",445,15,6,9,"10.83.84.244"
"1493309615.000",1987,1141,846,"10.83.134.91",445,15,6,9,"10.83.84.244"
"1493309615.000",352,212,140,"10.83.185.3",445,6,3,3,"10.83.84.244"
"1493309613.000",2008,1162,846,"10.83.3.150",445,15,6,9,"10.83.84.244"
"1493309613.000",282,142,140,"10.83.3.150",445,5,2,3,"10.83.84.244"
"1493305096.000",7501,2353,5148,"10.11.168.10",445,26,11,15,"10.84.42.134"
"1493303296.000",7501,2353,5148,"10.11.168.10",445,26,11,15,"10.84.42.134"
"1493284395.000",7565,2417,5148,"10.11.168.10",445,27,12,15,"10.84.42.134"
"1493282595.000",7565,2417,5148,"10.11.168.10",445,27,12,15,"10.84.42.134"
"1493229493.000",7501,2353,5148,"10.11.168.10",445,26,11,15,"10.84.42.134"
"1493222292.000",7501,2353,5148,"10.11.168.10",445,26,11,15,"10.84.42.134"
"1493213291.000",7881,2663,5218,"10.11.168.10",445,28,12,16,"10.84.42.134"
"1493197991.000",7501,2353,5148,"10.11.168.10",445,26,11,15,"10.84.42.134"
"1493171889.000",7501,2353,5148,"10.11.168.10",445,26,11,15,"10.84.42.134"
"1493163789.000",7501,2353,5148,"10.11.168.10",445,26,11,15,"10.84.42.134"
"1493161089.000",7501,2353,5148,"10.11.168.10",445,26,11,15,"10.84.42.134"
"1493154790.000",7565,2417,5148,"10.11.168.10",445,27,12,15,"10.84.42.134"
"1493151188.000",7501,2353,5148,"10.11.168.10",445,26,11,15,"10.84.42.134"
"1493149388.000",7501,2353,5148,"10.11.168.10",445,26,11,15,"10.84.42.134"
"1493143988.000",7501,2353,5148,"10.11.168.10",445,26,11,15,"10.84.42.134"
"1493139488.000",7501,2353,5148,"10.11.168.10",445,26,11,15,"10.84.42.134"
"1493130488.000",7501,2353,5148,"10.11.168.10",445,26,11,15,"10.84.42.134"
"1493125988.000",7565,2417,5148,"10.11.168.10",445,27,12,15,"10.84.42.134"
"1493122387.000",7565,2417,5148,"10.11.168.10",445,27,12,15,"10.84.42.134"
"1493122161.000",14100,4739,9361,"10.11.168.10",445,51,22,29,"10.84.42.134"
"1493118787.000",7501,2353,5148,"10.11.168.10",445,26,11,15,"10.84.42.134"
"1493112487.000",7501,2353,5148,"10.11.168.9",445,26,11,15,"10.84.42.134"
"1493095937.000",14100,4739,9361,"10.11.168.9",445,51,22,29,"10.84.42.134"
"1493095386.000",8073,2679,5394,"10.11.168.9",445,29,12,17,"10.84.42.134"
"1493094487.000",7954,2736,5218,"10.11.168.9",445,29,13,16,"10.84.42.134"
"1493089087.000",7565,2417,5148,"10.11.168.9",445,27,12,15,"10.84.42.134"
"1493056697.000",138,78,60,"10.83.29.108",445,3,1,2,"10.83.84.244"
"1493056667.000",1987,1141,846,"10.83.29.108",445,15,6,9,"10.83.84.244"
"1493056667.000",282,142,140,"10.83.29.108",445,5,2,3,"10.83.84.244"
"1493056666.000",1986,1140,846,"10.83.65.91",445,15,6,9,"10.83.84.244"
"1493056666.000",356,216,140,"10.83.65.91",445,6,3,3,"10.83.84.244"
"1493056615.000",138,78,60,"10.83.29.108",445,3,1,2,"10.83.84.244"
"1493054443.000",82,0,82,"136.98.140.1",445,1,0,1,"10.83.84.244"
"1493049601.000",352,212,140,"10.83.29.108",445,6,3,3,"10.83.84.244"
"1493049241.000",282,142,140,"10.83.3.150",445,5,2,3,"10.83.84.244"
"1493049240.000",1987,1141,846,"10.83.29.108",445,15,6,9,"10.83.84.244"
"1493049240.000",2008,1162,846,"10.83.42.91",445,15,6,9,"10.83.84.244"
"1493049240.000",352,212,140,"10.83.42.91",445,6,3,3,"10.83.84.244"
"1493049240.000",2008,1162,846,"10.83.3.150",445,15,6,9,"10.83.84.244"
"1493044984.000",7501,2353,5148,"10.11.168.9",445,26,11,15,"10.84.42.134"
"1493040484.000",7501,2353,5148,"10.11.168.9",445,26,11,15,"10.84.42.134"
"1493018884.000",7565,2417,5148,"10.11.168.10",445,27,12,15,"10.84.42.134"
"1493013895.000",14164,4739,9425,"10.11.168.10",445,52,22,30,"10.84.42.134"
"1492995481.000",7565,2417,5148,"10.11.168.10",445,27,12,15,"10.84.42.134"
"1492992781.000",7501,2353,5148,"10.11.168.10",445,26,11,15,"10.84.42.134"
"1492986481.000",7565,2417,5148,"10.11.168.10",445,27,12,15,"10.84.42.134"
"1492971646.000",14164,4739,9425,"10.11.168.10",445,52,22,30,"10.84.42.134"
"1492962180.000",7565,2353,5212,"10.11.168.10",445,27,11,16,"10.84.42.134"
"1492956779.000",7437,2289,5148,"10.11.168.10",445,25,10,15,"10.84.42.134"
"1492942379.000",7501,2353,5148,"10.11.168.10",445,26,11,15,"10.84.42.134"
"1492936979.000",7501,2353,5148,"10.11.168.9",445,26,11,15,"10.84.42.134"
"1492931579.000",7501,2353,5148,"10.11.168.9",445,26,11,15,"10.84.42.134"
"1492922578.000",7501,2353,5148,"10.11.168.9",445,26,11,15,"10.84.42.134"
"1492922494.000",14480,5049,9431,"10.11.168.9",445,53,23,30,"10.84.42.134"
"1494461283.000",7501,2353,5148,"10.11.168.10",445,26,11,15,"10.84.42.134"
"1494448683.000",7501,2353,5148,"10.11.168.9",445,26,11,15,"10.84.42.134"
"1494434727.000",352,212,140,"10.83.134.91",445,6,3,3,"10.83.84.244"
"1494434727.000",1987,1141,846,"10.83.134.91",445,15,6,9,"10.83.84.244"
"1494431916.000",1987,1141,846,"10.83.134.91",445,15,6,9,"10.83.84.244"
"1494431916.000",352,212,140,"10.83.134.91",445,6,3,3,"10.83.84.244"
"1494431733.000",1987,1141,846,"10.83.134.91",445,15,6,9,"10.83.84.244"
"1494431732.000",352,212,140,"10.83.134.91",445,6,3,3,"10.83.84.244"
"1494431727.000",138,78,60,"10.83.3.150",445,3,1,2,"10.83.84.244"
"1494420782.000",7499,2352,5147,"10.11.168.9",445,26,11,15,"10.84.42.134"
"1494411820.000",18712,5612,13100,"10.11.168.9",445,69,29,40,"10.84.42.134"
"1494400469.000",7565,2417,5148,"10.11.168.10",445,27,12,15,"10.84.42.134"
"1494376491.000",14228,4803,9425,"10.11.168.10",445,53,23,30,"10.84.42.134"
"1494371667.000",7881,2663,5218,"10.11.168.10",445,28,12,16,"10.84.42.134"
"1494370070.000",14228,4803,9425,"10.11.168.10",445,53,23,30,"10.84.42.134"
"1494366267.000",7769,2551,5218,"10.11.168.10",445,28,12,16,"10.84.42.134"
"1494349166.000",7565,2417,5148,"10.11.168.10",445,27,12,15,"10.84.42.134"
"1494343766.000",7759,2547,5212,"10.11.168.10",445,29,13,16,"10.84.42.134"
"1494339764.000",14100,4739,9361,"10.11.168.10",445,51,22,29,"10.84.42.134"
"1494332966.000",7565,2417,5148,"10.11.168.10",445,27,12,15,"10.84.42.134"
"1494324865.000",7501,2353,5148,"10.11.168.10",445,26,11,15,"10.84.42.134"
"1494320365.000",7565,2417,5148,"10.11.168.10",445,27,12,15,"10.84.42.134"
"1494315865.000",7501,2353,5148,"10.11.168.10",445,26,11,15,"10.84.42.134"
"1494308376.000",14100,4739,9361,"10.11.168.10",445,51,22,29,"10.84.42.134"
"1494300564.000",7565,2417,5148,"10.11.168.10",445,27,12,15,"10.84.42.134"
"1494289772.000",20144,6140,14004,"10.11.168.10",445,71,30,41,"10.84.42.134"
"1494288863.000",7501,2353,5148,"10.11.168.10",445,26,11,15,"10.84.42.134"
"1494287064.000",7501,2353,5148,"10.11.168.10",445,26,11,15,"10.84.42.134"
"1494276930.000",15116,5375,9741,"10.11.168.10",445,57,24,33,"10.84.42.134"
"1494275311.000",282,142,140,"10.83.185.3",445,5,2,3,"10.83.84.244"
"1494275311.000",352,212,140,"10.83.68.49",445,6,3,3,"10.83.84.244"
"1494275311.000",2008,1162,846,"10.83.185.3",445,15,6,9,"10.83.84.244"
"1494275311.000",2000,1154,846,"10.83.68.49",445,15,6,9,"10.83.84.244"
"1494273925.000",352,212,140,"10.83.68.49",445,6,3,3,"10.83.84.244"
"1494267955.000",2008,1162,846,"10.83.185.3",445,15,6,9,"10.83.84.244"
"1494266362.000",7501,2353,5148,"10.11.168.10",445,26,11,15,"10.84.42.134"
"1494263773.000",352,212,140,"10.83.185.3",445,6,3,3,"10.83.84.244"
"1494263773.000",2008,1162,846,"10.83.185.3",445,15,6,9,"10.83.84.244"
"1494263773.000",352,212,140,"10.83.68.49",445,6,3,3,"10.83.84.244"
"1494263773.000",2000,1154,846,"10.83.68.49",445,15,6,9,"10.83.84.244"
"1494263736.000",352,212,140,"10.83.68.49",445,6,3,3,"10.83.84.244"
"1494263736.000",2000,1154,846,"10.83.68.49",445,15,6,9,"10.83.84.244"
"1494263736.000",352,212,140,"10.83.185.3",445,6,3,3,"10.83.84.244"
"1494263736.000",2008,1162,846,"10.83.185.3",445,15,6,9,"10.83.84.244"
"1494263667.000",352,212,140,"10.83.68.49",445,6,3,3,"10.83.84.244"
"1494263667.000",2000,1154,846,"10.83.68.49",445,15,6,9,"10.83.84.244"
"1494263662.000",7501,2353,5148,"10.11.168.10",445,26,11,15,"10.84.42.134"
"1494262685.000",352,212,140,"10.83.185.3",445,6,3,3,"10.83.84.244"
"1494259211.000",282,142,140,"10.83.185.3",445,5,2,3,"10.83.84.244"
"1494259211.000",2008,1162,846,"10.83.185.3",445,15,6,9,"10.83.84.244"
"1494259211.000",2000,1154,846,"10.83.68.49",445,15,6,9,"10.83.84.244"
"1494259211.000",352,212,140,"10.83.68.49",445,6,3,3,"10.83.84.244"
"1494258201.000",2008,1162,846,"10.83.185.3",445,15,6,9,"10.83.84.244"
"1494258201.000",352,212,140,"10.83.68.49",445,6,3,3,"10.83.84.244"
"1494258201.000",2000,1154,846,"10.83.68.49",445,15,6,9,"10.83.84.244"
"1494255870.000",352,212,140,"10.83.68.49",445,6,3,3,"10.83.84.244"
"1494255870.000",2000,1154,846,"10.83.68.49",445,15,6,9,"10.83.84.244"
"1494255869.000",282,142,140,"10.83.185.3",445,5,2,3,"10.83.84.244"
"1494255869.000",2008,1162,846,"10.83.185.3",445,15,6,9,"10.83.84.244"
"1494255595.000",2000,1154,846,"10.83.68.49",445,15,6,9,"10.83.84.244"
"1494255595.000",282,142,140,"10.83.185.3",445,5,2,3,"10.83.84.244"
"1494255595.000",352,212,140,"10.83.68.49",445,6,3,3,"10.83.84.244"
"1494255595.000",2008,1162,846,"10.83.185.3",445,15,6,9,"10.83.84.244"
"1494250222.000",22540,8446,14094,"10.11.168.10",445,69,30,39,"10.84.42.134"
"1494246803.000",14228,4803,9425,"10.11.168.10",445,53,23,30,"10.84.42.134"
"1494245661.000",7501,2353,5148,"10.11.168.10",445,26,11,15,"10.84.42.134"
"1494235761.000",7565,2417,5148,"10.11.168.10",445,27,12,15,"10.84.42.134"
"1494234861.000",7501,2353,5148,"10.11.168.10",445,26,11,15,"10.84.42.134"
"1494231260.000",7501,2353,5148,"10.11.168.10",445,26,11,15,"10.84.42.134"
"1494229461.000",7501,2353,5148,"10.11.168.10",445,26,11,15,"10.84.42.134"
"1494220460.000",7501,2353,5148,"10.11.168.10",445,26,11,15,"10.84.42.134"
"1494216860.000",7881,2663,5218,"10.11.168.10",445,28,12,16,"10.84.42.134"
"1494215060.000",7501,2353,5148,"10.11.168.10",445,26,11,15,"10.84.42.134"
"1494210559.000",7565,2417,5148,"10.11.168.10",445,27,12,15,"10.84.42.134"
"1494204259.000",7779,2423,5356,"10.11.168.10",445,28,12,16,"10.84.42.134"
"1494194359.000",7565,2417,5148,"10.11.168.10",445,27,12,15,"10.84.42.134"
"1494193459.000",8073,2679,5394,"10.11.168.10",445,29,12,17,"10.84.42.134"
"1494169158.000",7501,2353,5148,"10.11.168.10",445,26,11,15,"10.84.42.134"
"1494167357.000",7565,2417,5148,"10.11.168.10",445,27,12,15,"10.84.42.134"
"1494152957.000",7501,2353,5148,"10.11.168.10",445,26,11,15,"10.84.42.134"
"1494152057.000",7501,2353,5148,"10.11.168.10",445,26,11,15,"10.84.42.134"
"1494149356.000",7565,2417,5148,"10.11.168.10",445,27,12,15,"10.84.42.134"
"1494142801.000",14368,4937,9431,"10.11.168.10",445,53,23,30,"10.84.42.134"
"1494133155.000",7565,2417,5148,"10.11.168.10",445,27,12,15,"10.84.42.134"
"1494131518.000",14100,4739,9361,"10.11.168.10",445,51,22,29,"10.84.42.134"
"1494126855.000",7501,2353,5148,"10.11.168.10",445,26,11,15,"10.84.42.134"
"1494124155.000",7501,2353,5148,"10.11.168.10",445,26,11,15,"10.84.42.134"
"1494123255.000",7501,2353,5148,"10.11.168.10",445,26,11,15,"10.84.42.134"
"1494120416.000",14100,4739,9361,"10.11.168.10",445,51,22,29,"10.84.42.134"
"1494116955.000",7565,2417,5148,"10.11.168.10",445,27,12,15,"10.84.42.134"
"1494113934.000",14228,4803,9425,"10.11.168.10",445,53,23,30,"10.84.42.134"
"1494111554.000",7565,2417,5148,"10.11.168.10",445,27,12,15,"10.84.42.134"
"1494105255.000",7501,2353,5148,"10.11.168.10",445,26,11,15,"10.84.42.134"
"1494096290.000",14228,4803,9425,"10.11.168.10",445,53,23,30,"10.84.42.134"
"1494094453.000",7501,2353,5148,"10.11.168.10",445,26,11,15,"10.84.42.134"
"1494093553.000",7565,2417,5148,"10.11.168.10",445,27,12,15,"10.84.42.134"
"1494084348.000",14292,4803,9489,"10.11.168.10",445,54,23,31,"10.84.42.134"
"1494083653.000",7501,2353,5148,"10.11.168.10",445,26,11,15,"10.84.42.134"
"1494082753.000",7565,2417,5148,"10.11.168.10",445,27,12,15,"10.84.42.134"
"1494080953.000",7501,2353,5148,"10.11.168.10",445,26,11,15,"10.84.42.134"
"1494077386.000",21425,9087,12338,"10.11.168.10",445,72,32,40,"10.84.42.134"
"1494065803.000",14100,4739,9361,"10.11.168.10",445,51,22,29,"10.84.42.134"
"1494062052.000",7501,2353,5148,"10.11.168.10",445,26,11,15,"10.84.42.134"
"1494055751.000",7565,2417,5148,"10.11.168.10",445,27,12,15,"10.84.42.134"
"1494052151.000",7501,2353,5148,"10.11.168.10",445,26,11,15,"10.84.42.134"
"1494043151.000",7565,2417,5148,"10.11.168.10",445,27,12,15,"10.84.42.134"
"1494041351.000",7565,2417,5148,"10.11.168.10",445,27,12,15,"10.84.42.134"
"1494040451.000",7501,2353,5148,"10.11.168.10",445,26,11,15,"10.84.42.134"
"1494036850.000",7501,2353,5148,"10.11.168.10",445,26,11,15,"10.84.42.134"
"1494019750.000",7501,2353,5148,"10.11.168.9",445,26,11,15,"10.84.42.134"
"1494011791.000",14228,4739,9489,"10.11.168.9",445,53,22,31,"10.84.42.134"
"1494002649.000",7501,2353,5148,"10.11.168.9",445,26,11,15,"10.84.42.134"
"1493992749.000",7501,2353,5148,"10.11.168.9",445,26,11,15,"10.84.42.134"
"1493991542.000",62,0,62,"10.77.180.102",445,1,0,1,"10.84.42.231"
"1493991536.000",132,0,132,"10.77.180.102",445,2,0,2,"10.84.42.231"
"1493991377.000",62,0,62,"10.77.180.102",445,1,0,1,"10.84.42.231"
"1493991371.000",132,0,132,"10.77.180.102",445,2,0,2,"10.84.42.231"
"1493729015.000",7890,2672,5218,"10.11.168.10",445,28,12,16,"10.84.42.134"
"1493727165.000",14100,4739,9361,"10.11.168.10",445,51,22,29,"10.84.42.134"
"1493724515.000",7565,2417,5148,"10.11.168.10",445,27,12,15,"10.84.42.134"
"1493723614.000",7501,2353,5148,"10.11.168.10",445,26,11,15,"10.84.42.134"
"1493720014.000",7501,2353,5148,"10.11.168.10",445,26,11,15,"10.84.42.134"
"1493719705.000",22332,8254,14078,"10.11.168.10",445,66,27,39,"10.84.42.134"
"1493716062.000",14228,4803,9425,"10.11.168.10",445,53,23,30,"10.84.42.134"
"1493714614.000",7501,2353,5148,"10.11.168.10",445,26,11,15,"10.84.42.134"
"1493713714.000",7565,2417,5148,"10.11.168.10",445,27,12,15,"10.84.42.134"
"1493713170.000",2047817460,2042505731,5311729,"10.188.60.18",445,1415833,1347843,67990,"10.84.42.134"
"1493713161.000",115954,47838,68116,"10.11.168.10",445,426,204,222,"10.84.42.134"
"1493704299.000",14100,4739,9361,"10.11.168.10",445,51,22,29,"10.84.42.134"
"1493703816.000",31660,11762,19898,"10.11.168.10",445,92,39,53,"10.84.42.134"
"1493703805.000",10326,2938,7388,"10.11.168.10",445,39,17,22,"10.84.42.134"
"1493702014.000",7565,2353,5212,"10.11.168.10",445,27,11,16,"10.84.42.134"
"1493701113.000",7565,2417,5148,"10.11.168.10",445,27,12,15,"10.84.42.134"
"1493693912.000",7565,2417,5148,"10.11.168.10",445,27,12,15,"10.84.42.134"
"1493690313.000",7565,2417,5148,"10.11.168.10",445,27,12,15,"10.84.42.134"
"1493686712.000",7501,2353,5148,"10.11.168.10",445,26,11,15,"10.84.42.134"
"1493684013.000",7565,2353,5212,"10.11.168.10",445,27,11,16,"10.84.42.134"
"1493679512.000",7501,2353,5148,"10.11.168.10",445,26,11,15,"10.84.42.134"
"1493547206.000",7501,2353,5148,"10.11.168.9",445,26,11,15,"10.84.42.134"
"1493517504.000",7565,2417,5148,"10.11.168.10",445,27,12,15,"10.84.42.134"
"1493497705.000",7501,2353,5148,"10.11.168.10",445,26,11,15,"10.84.42.134"
"1493494104.000",7565,2417,5148,"10.11.168.9",445,27,12,15,"10.84.42.134"
"1493492303.000",7565,2417,5148,"10.11.168.9",445,27,12,15,"10.84.42.134"
"1493480604.000",7501,2353,5148,"10.11.168.9",445,26,11,15,"10.84.42.134"
"1493474304.000",7565,2417,5148,"10.11.168.9",445,27,12,15,"10.84.42.134"
"1493469802.000",7501,2353,5148,"10.11.168.9",445,26,11,15,"10.84.42.134"
"1493467103.000",7565,2417,5148,"10.11.168.9",445,27,12,15,"10.84.42.134"
"1493464402.000",7501,2353,5148,"10.11.168.9",445,26,11,15,"10.84.42.134"
"1493463503.000",7565,2417,5148,"10.11.168.9",445,27,12,15,"10.84.42.134"
"1493449102.000",7501,2353,5148,"10.11.168.9",445,26,11,15,"10.84.42.134"
"1493444602.000",7501,2353,5148,"10.11.168.9",445,26,11,15,"10.84.42.134"
"1493443702.000",7565,2417,5148,"10.11.168.9",445,27,12,15,"10.84.42.134"
"1493434701.000",7501,2353,5148,"10.11.168.9",445,26,11,15,"10.84.42.134"
"1493432902.000",7565,2417,5148,"10.11.168.9",445,27,12,15,"10.84.42.134"
"1493424800.000",7501,2353,5148,"10.11.168.9",445,26,11,15,"10.84.42.134"
"1493388800.000",7565,2417,5148,"10.11.168.10",445,27,12,15,"10.84.42.134"
"1493384968.000",14228,4803,9425,"10.11.168.10",445,53,23,30,"10.84.42.134"
"1493379799.000",7501,2353,5148,"10.11.168.10",445,26,11,15,"10.84.42.134"
"1493371699.000",7565,2417,5148,"10.11.168.10",445,27,12,15,"10.84.42.134"
"1493370799.000",7501,2353,5148,"10.11.168.10",445,26,11,15,"10.84.42.134"
"1493355498.000",7501,2353,5148,"10.11.168.9",445,26,11,15,"10.84.42.134"
"1493353564.000",5136495787,5126529254,9966533,"10.188.60.18",445,3516357,3379116,137241,"10.84.42.134"
"1493353502.000",96733,38561,58172,"10.11.168.9",445,364,178,186,"10.84.42.134"
"1493352798.000",7501,2353,5148,"10.11.168.9",445,26,11,15,"10.84.42.134"
"1493350997.000",7501,2353,5148,"10.11.168.9",445,26,11,15,"10.84.42.134"
"1493348298.000",7501,2353,5148,"10.11.168.9",445,26,11,15,"10.84.42.134"
"1493345597.000",7501,2353,5148,"10.11.168.9",445,26,11,15,"10.84.42.134"
"1493341997.000",7501,2353,5148,"10.11.168.9",445,26,11,15,"10.84.42.134"
"1493341098.000",7501,2353,5148,"10.11.168.9",445,26,11,15,"10.84.42.134"
"1493339298.000",7501,2353,5148,"10.11.168.9",445,26,11,15,"10.84.42.134"
"1493338398.000",7501,2353,5148,"10.11.168.9",445,26,11,15,"10.84.42.134"
"1493332097.000",7565,2417,5148,"10.11.168.9",445,27,12,15,"10.84.42.134"
"1493331197.000",7501,2353,5148,"10.11.168.9",445,26,11,15,"10.84.42.134"
"1493324896.000",7501,2353,5148,"10.11.168.9",445,26,11,15,"10.84.42.134"
"1493321297.000",7501,2353,5148,"10.11.168.9",445,26,11,15,"10.84.42.134"
"1493318250.000",2000,1154,846,"10.83.68.49",445,15,6,9,"10.83.84.244"
"1493318250.000",282,142,140,"10.83.68.215",445,5,2,3,"10.83.84.244"
"1493318250.000",352,212,140,"10.83.68.49",445,6,3,3,"10.83.84.244"
"1493318250.000",1992,1146,846,"10.83.68.215",445,15,6,9,"10.83.84.244"
"1493317609.000",2000,1154,846,"10.83.68.49",445,15,6,9,"10.83.84.244"
"1493317608.000",352,212,140,"10.83.68.215",445,6,3,3,"10.83.84.244"
"1493317608.000",352,212,140,"10.83.68.49",445,6,3,3,"10.83.84.244"
"1493317608.000",1992,1146,846,"10.83.68.215",445,15,6,9,"10.83.84.244"
"1493317598.000",82,0,82,"136.98.140.1",445,1,0,1,"10.83.84.244"
"1493316888.000",352,212,140,"10.83.68.49",445,6,3,3,"10.83.84.244"
"1493316887.000",2000,1154,846,"10.83.68.49",445,15,6,9,"10.83.84.244"
"1493316850.000",352,212,140,"10.83.68.49",445,6,3,3,"10.83.84.244"
"1493316850.000",2000,1154,846,"10.83.68.49",445,15,6,9,"10.83.84.244"
"1493311991.000",14624,5129,9495,"10.11.168.10",445,55,24,31,"10.84.42.134"
"1493311622.000",282,142,140,"10.83.3.150",445,5,2,3,"10.83.84.244"
"1493311622.000",2008,1162,846,"10.83.42.91",445,15,6,9,"10.83.84.244"
"1493311621.000",352,212,140,"10.83.68.49",445,6,3,3,"10.83.84.244"
"1493311621.000",1986,1140,846,"10.83.65.91",445,15,6,9,"10.83.84.244"
"1493311621.000",356,216,140,"10.83.65.91",445,6,3,3,"10.83.84.244"
"1493311621.000",2000,1154,846,"10.83.68.49",445,15,6,9,"10.83.84.244"
"1493311621.000",2008,1162,846,"10.83.3.150",445,15,6,9,"10.83.84.244"
"1493310656.000",2008,1162,846,"10.83.42.91",445,15,6,9,"10.83.84.244"
"1493310656.000",282,142,140,"10.83.42.91",445,5,2,3,"10.83.84.244"
"1493301496.000",7501,2353,5148,"10.11.168.10",445,26,11,15,"10.84.42.134"
"1493299696.000",7501,2353,5148,"10.11.168.10",445,26,11,15,"10.84.42.134"
"1493298488.000",14100,4739,9361,"10.11.168.10",445,51,22,29,"10.84.42.134"
"1493292496.000",7501,2353,5148,"10.11.168.10",445,26,11,15,"10.84.42.134"
"1493283495.000",7501,2353,5148,"10.11.168.10",445,26,11,15,"10.84.42.134"
"1493278095.000",7501,2353,5148,"10.11.168.10",445,26,11,15,"10.84.42.134"
"1493275394.000",7501,2353,5148,"10.11.168.10",445,26,11,15,"10.84.42.134"
"1493274494.000",7501,2353,5148,"10.11.168.10",445,26,11,15,"10.84.42.134"
"1493265495.000",7501,2353,5148,"10.11.168.10",445,26,11,15,"10.84.42.134"
"1493262794.000",7565,2417,5148,"10.11.168.10",445,27,12,15,"10.84.42.134"
"1493260093.000",7501,2353,5148,"10.11.168.10",445,26,11,15,"10.84.42.134"
"1493250194.000",7501,2353,5148,"10.11.168.10",445,26,11,15,"10.84.42.134"
"1493243893.000",7501,2353,5148,"10.11.168.10",445,26,11,15,"10.84.42.134"
"1493242994.000",7565,2417,5148,"10.11.168.10",445,27,12,15,"10.84.42.134"
"1493240293.000",7501,2353,5148,"10.11.168.10",445,26,11,15,"10.84.42.134"
"1493231293.000",7881,2663,5218,"10.11.168.10",445,28,12,16,"10.84.42.134"
"1493224051.000",3393311,933351,2459960,"10.188.60.18",445,8942,4223,4719,"10.84.42.134"
"1493211491.000",7501,2353,5148,"10.11.168.10",445,26,11,15,"10.84.42.134"
"1493210802.000",14228,4803,9425,"10.11.168.10",445,53,23,30,"10.84.42.134"
"1493208792.000",7501,2353,5148,"10.11.168.10",445,26,11,15,"10.84.42.134"
"1493206092.000",7501,2353,5148,"10.11.168.10",445,26,11,15,"10.84.42.134"
"1493189891.000",7501,2353,5148,"10.11.168.10",445,26,11,15,"10.84.42.134"
"1493186290.000",7501,2353,5148,"10.11.168.10",445,26,11,15,"10.84.42.134"
"1493179990.000",7890,2672,5218,"10.11.168.10",445,28,12,16,"10.84.42.134"
"1493175489.000",7501,2353,5148,"10.11.168.10",445,26,11,15,"10.84.42.134"
"1493174589.000",7501,2353,5148,"10.11.168.10",445,26,11,15,"10.84.42.134"
"1493167391.000",7880,2662,5218,"10.11.168.10",445,28,12,16,"10.84.42.134"
"1493166490.000",7954,2672,5282,"10.11.168.10",445,29,12,17,"10.84.42.134"
"1493159289.000",7501,2353,5148,"10.11.168.10",445,26,11,15,"10.84.42.134"
"1493145788.000",7501,2353,5148,"10.11.168.10",445,26,11,15,"10.84.42.134"
"1493134088.000",7501,2353,5148,"10.11.168.10",445,26,11,15,"10.84.42.134"
"1493131388.000",7565,2417,5148,"10.11.168.10",445,27,12,15,"10.84.42.134"
"1493116087.000",7501,2353,5148,"10.11.168.10",445,26,11,15,"10.84.42.134"
"1493056620.000",1986,1140,846,"10.83.65.91",445,15,6,9,"10.83.84.244"
"1493056620.000",356,216,140,"10.83.65.91",445,6,3,3,"10.83.84.244"
"1493054725.000",82,0,82,"136.98.140.1",445,1,0,1,"10.83.84.244"
"1493050568.000",1987,1141,846,"10.83.29.108",445,15,6,9,"10.83.84.244"
"1493050568.000",282,142,140,"10.83.29.108",445,5,2,3,"10.83.84.244"
"1493050567.000",282,142,140,"10.83.42.91",445,5,2,3,"10.83.84.244"
"1493050567.000",2008,1162,846,"10.83.42.91",445,15,6,9,"10.83.84.244"
"1493020496.000",14645,5266,9379,"10.11.168.10",445,54,25,29,"10.84.42.134"
"1493015283.000",7565,2417,5148,"10.11.168.10",445,27,12,15,"10.84.42.134"
"1492972081.000",7565,2417,5148,"10.11.168.10",445,27,12,15,"10.84.42.134"
"1492967581.000",7501,2353,5148,"10.11.168.10",445,26,11,15,"10.84.42.134"
"1492930678.000",7501,2353,5148,"10.11.168.9",445,26,11,15,"10.84.42.134"
